v -0.04 0.0 0.0
v 0.04 0.0 0.0
v 0.0006671994923455812 0.03333333333333333 0.0
v 0.07880053282567892 0.03333333333333333 0.0
v 0.03975033512839678 0.06666666666666667 0.0
v 0.11601700179506345 0.06666666666666667 0.0
v 0.07572849467900711 0.1 0.0
v 0.1501284946790071 0.1 0.0
v 0.1072045515132379 0.13333333333333333 0.0
v 0.17973788484657124 0.13333333333333333 0.0
v 0.132960863628246 0.16666666666666666 0.0
v 0.20362753029491265 0.16666666666666666 0.0
v 0.1520078171934453 0.2 0.0
v 0.22080781719344528 0.2 0.0
v 0.16362327933102536 0.23333333333333334 0.0
v 0.2305566126643587 0.23333333333333334 0.0
v 0.1673813872749677 0.26666666666666666 0.0
v 0.23244805394163437 0.26666666666666666 0.0
v 0.16316952617563907 0.3 0.0
v 0.22636952617563905 0.3 0.0
v 0.15119281869846968 0.3333333333333333 0.0
v 0.21252615203180303 0.3333333333333333 0.0
v 0.13196594743058473 0.36666666666666664 0.0
v 0.1914326140972514 0.36666666666666664 0.0
v 0.10629263611023013 0.4 0.0
v 0.1638926361102301 0.4 0.0
v 0.07523360769762617 0.43333333333333335 0.0
v 0.13096694103095952 0.43333333333333335 0.0
v 0.04006429669784768 0.4666666666666667 0.0
v 0.09393096336451436 0.4666666666666667 0.0
v 0.0022240016119734404 0.5 0.0
v 0.054224001611973445 0.5 0.0
v -0.036741495352182685 0.5333333333333333 0.0
v 0.01339183798115065 0.5333333333333333 0.0
v -0.07524155373869959 0.5666666666666667 0.0
v -0.026974887072032914 0.5666666666666667 0.0
v -0.11170408865897041 0.6 0.0
v -0.06530408865897042 0.6 0.0
v -0.14463824485521046 0.6333333333333333 0.0
v -0.10010491152187712 0.6333333333333333 0.0
v -0.172693832394919 0.6666666666666666 0.0
v -0.13002716572825232 0.6666666666666666 0.0
v -0.19471515448271756 0.7 0.0
v -0.15391515448271756 0.7 0.0
v -0.20978708144456984 0.7333333333333333 0.0
v -0.17085374811123652 0.7333333333333333 0.0
v -0.21727153406002625 0.7666666666666667 0.0
v -0.18020486739335956 0.7666666666666667 0.0
v -0.21683292176716812 0.8 0.0
v -0.1816329217671681 0.8 0.0
v -0.20845152159929436 0.8333333333333334 0.0
v -0.17511818826596104 0.8333333333333334 0.0
v -0.19242426447736397 0.8666666666666667 0.0
v -0.16095759781069732 0.8666666666666667 0.0
v -0.16935289751119745 0.9 0.0
v -0.13975289751119743 0.9 0.0
v -0.140119994241131 0.9333333333333333 0.0
v -0.11238666090779767 0.9333333333333333 0.0
v -0.10585376921608482 0.9666666666666667 0.0
v -0.07998710254941814 0.9666666666666667 0.0
v -0.06788309963978517 1.0 0.0
v -0.04388309963978517 1.0 0.0
f 0 1 2
f 1 3 2
f 2 3 4
f 3 5 4
f 4 5 6
f 5 7 6
f 6 7 8
f 7 9 8
f 8 9 10
f 9 11 10
f 10 11 12
f 11 13 12
f 12 13 14
f 13 15 14
f 14 15 16
f 15 17 16
f 16 17 18
f 17 19 18
f 18 19 20
f 19 21 20
f 20 21 22
f 21 23 22
f 22 23 24
f 23 25 24
f 24 25 26
f 25 27 26
f 26 27 28
f 27 29 28
f 28 29 30
f 29 31 30
f 30 31 32
f 31 33 32
f 32 33 34
f 33 35 34
f 34 35 36
f 35 37 36
f 36 37 38
f 37 39 38
f 38 39 40
f 39 41 40
f 40 41 42
f 41 43 42
f 42 43 44
f 43 45 44
f 44 45 46
f 45 47 46
f 46 47 48
f 47 49 48
f 48 49 50
f 49 51 50
f 50 51 52
f 51 53 52
f 52 53 54
f 53 55 54
f 54 55 56
f 55 57 56
f 56 57 58
f 57 59 58
f 58 59 60
f 59 61 60
