v 0.0 0.2 0.0
v 0.0 0.2 0.0
v 0.0 0.2 0.0
v 0.0 0.2 0.0
v 0.0 0.2 0.0
v 0.0 0.2 0.0
v 0.0 0.2 0.0
v 0.0 0.2 0.0
v -0.0 0.2 0.0
v -0.0 0.2 0.0
v -0.0 0.2 0.0
v -0.0 0.2 0.0
v -0.0 0.2 0.0
v -0.0 0.2 0.0
v -0.0 0.2 0.0
v -0.0 0.2 0.0
v -0.0 0.2 -0.0
v -0.0 0.2 -0.0
v -0.0 0.2 -0.0
v -0.0 0.2 -0.0
v -0.0 0.2 -0.0
v -0.0 0.2 -0.0
v -0.0 0.2 -0.0
v 0.0 0.2 -0.0
v 0.0 0.2 -0.0
v 0.0 0.2 -0.0
v 0.0 0.2 -0.0
v 0.0 0.2 -0.0
v 0.0 0.2 -0.0
v 0.0 0.2 -0.0
v 0.0 0.2 -0.0
v 0.03128689300804618 0.19753766811902757 0.0
v 0.03060319933023565 0.19753766811902757 0.006504910825737213
v 0.028581998991250634 0.19753766811902757 0.012725525834364426
v 0.025311628144700078 0.19753766811902757 0.018389974300182035
v 0.02093501768955866 0.19753766811902757 0.02325069264419438
v 0.015643446504023092 0.19753766811902757 0.02709524415045372
v 0.009668181640676989 0.19753766811902757 0.029755603469931596
v 0.0032703708465505587 0.19753766811902757 0.03111550013454646
v -0.003270370846550555 0.19753766811902757 0.031115500134546465
v -0.009668181640676985 0.19753766811902757 0.0297556034699316
v -0.015643446504023082 0.19753766811902757 0.027095244150453723
v -0.02093501768955865 0.19753766811902757 0.02325069264419439
v -0.025311628144700074 0.19753766811902757 0.01838997430018204
v -0.028581998991250638 0.19753766811902757 0.012725525834364423
v -0.03060319933023565 0.19753766811902757 0.006504910825737213
v -0.03128689300804618 0.19753766811902757 1.772571093236362e-17
v -0.03060319933023565 0.19753766811902757 -0.006504910825737205
v -0.028581998991250634 0.19753766811902757 -0.012725525834364428
v -0.02531162814470008 0.19753766811902757 -0.018389974300182032
v -0.020935017689558667 0.19753766811902757 -0.023250692644194375
v -0.015643446504023103 0.19753766811902757 -0.027095244150453713
v -0.009668181640676992 0.19753766811902757 -0.029755603469931596
v -0.003270370846550583 0.19753766811902757 -0.03111550013454646
v 0.003270370846550544 0.19753766811902757 -0.031115500134546465
v 0.009668181640676982 0.19753766811902757 -0.0297556034699316
v 0.015643446504023092 0.19753766811902757 -0.02709524415045372
v 0.020935017689558667 0.19753766811902757 -0.023250692644194375
v 0.025311628144700074 0.19753766811902757 -0.018389974300182042
v 0.028581998991250638 0.19753766811902757 -0.012725525834364426
v 0.03060319933023565 0.19753766811902757 -0.006504910825737203
v 0.03128689300804618 0.19753766811902757 -3.545142186472724e-17
v 0.06180339887498948 0.1902113032590307 0.0
v 0.06045284632676534 0.1902113032590307 0.012849649158383467
v 0.05646021430912047 0.1902113032590307 0.025137706989087905
v 0.049999999999999996 0.1902113032590307 0.03632712640026804
v 0.041354545764260085 0.1902113032590307 0.045928876070863836
v 0.030901699437494747 0.1902113032590307 0.05352331346596348
v 0.019098300562505256 0.1902113032590307 0.05877852522924731
v 0.006460214309120473 0.1902113032590307 0.06146483338935595
v -0.006460214309120465 0.1902113032590307 0.061464833389355954
v -0.01909830056250525 0.1902113032590307 0.058778525229247314
v -0.030901699437494726 0.1902113032590307 0.053523313465963486
v -0.041354545764260064 0.1902113032590307 0.04592887607086386
v -0.04999999999999999 0.1902113032590307 0.03632712640026805
v -0.056460214309120474 0.1902113032590307 0.025137706989087898
v -0.06045284632676534 0.1902113032590307 0.012849649158383467
v -0.06180339887498948 0.1902113032590307 3.501495603331063e-17
v -0.06045284632676534 0.1902113032590307 -0.012849649158383452
v -0.05646021430912047 0.1902113032590307 -0.025137706989087908
v -0.05 0.1902113032590307 -0.036327126400268035
v -0.0413545457642601 0.1902113032590307 -0.04592887607086383
v -0.030901699437494767 0.1902113032590307 -0.053523313465963465
v -0.019098300562505263 0.1902113032590307 -0.05877852522924731
v -0.0064602143091205206 0.1902113032590307 -0.06146483338935595
v 0.006460214309120443 0.1902113032590307 -0.061464833389355954
v 0.019098300562505242 0.1902113032590307 -0.058778525229247314
v 0.030901699437494747 0.1902113032590307 -0.05352331346596348
v 0.0413545457642601 0.1902113032590307 -0.04592887607086383
v 0.04999999999999999 0.1902113032590307 -0.036327126400268056
v 0.056460214309120474 0.1902113032590307 -0.025137706989087905
v 0.06045284632676534 0.1902113032590307 -0.012849649158383446
v 0.06180339887498948 0.1902113032590307 -7.002991206662126e-17
v 0.09079809994790936 0.1782013048376736 0.0
v 0.08881394361523583 0.1782013048376736 0.01887798648320974
v 0.08294819176999146 0.1782013048376736 0.03693091437047363
v 0.0734572059148137 0.1782013048376736 0.05336978408555909
v 0.0607557876743768 0.1782013048376736 0.06747613813946808
v 0.045399049973954685 0.1782013048376736 0.07863346117024801
v 0.02805815594085902 0.1782013048376736 0.08635412462267783
v 0.009490985855177771 0.1782013048376736 0.09030069845603272
v -0.009490985855177759 0.1782013048376736 0.09030069845603274
v -0.02805815594085901 0.1782013048376736 0.08635412462267784
v -0.04539904997395466 0.1782013048376736 0.07863346117024803
v -0.06075578767437677 0.1782013048376736 0.06747613813946812
v -0.0734572059148137 0.1782013048376736 0.053369784085559105
v -0.08294819176999148 0.1782013048376736 0.036930914370473626
v -0.08881394361523583 0.1782013048376736 0.01887798648320974
v -0.09079809994790936 0.1782013048376736 5.1442016708740943e-17
v -0.08881394361523583 0.1782013048376736 -0.018877986483209715
v -0.08294819176999146 0.1782013048376736 -0.03693091437047364
v -0.07345720591481371 0.1782013048376736 -0.053369784085559084
v -0.060755787674376824 0.1782013048376736 -0.06747613813946808
v -0.04539904997395472 0.1782013048376736 -0.078633461170248
v -0.02805815594085903 0.1782013048376736 -0.08635412462267783
v -0.00949098585517784 0.1782013048376736 -0.09030069845603272
v 0.009490985855177728 0.1782013048376736 -0.09030069845603274
v 0.028058155940859003 0.1782013048376736 -0.08635412462267784
v 0.045399049973954685 0.1782013048376736 -0.07863346117024801
v 0.060755787674376824 0.1782013048376736 -0.06747613813946808
v 0.0734572059148137 0.1782013048376736 -0.05336978408555911
v 0.08294819176999148 0.1782013048376736 -0.03693091437047363
v 0.08881394361523583 0.1782013048376736 -0.018877986483209708
v 0.09079809994790936 0.1782013048376736 -1.0288403341748189e-16
v 0.11755705045849463 0.1618033988749895 0.0
v 0.11498814685531945 0.1618033988749895 0.024441485128374265
v 0.1073937094602198 0.1618033988749895 0.047814760073380556
v 0.09510565162951536 0.1618033988749895 0.06909830056250527
v 0.0786610204550514 0.1618033988749895 0.0873619137466152
v 0.05877852522924733 0.1618033988749895 0.10180739209102543
v 0.03632712640026805 0.1618033988749895 0.11180339887498948
v 0.012288057830704439 0.1618033988749895 0.11691306063588582
v -0.012288057830704425 0.1618033988749895 0.11691306063588583
v -0.036327126400268035 0.1618033988749895 0.1118033988749895
v -0.058778525229247286 0.1618033988749895 0.10180739209102545
v -0.07866102045505137 0.1618033988749895 0.08736191374661524
v -0.09510565162951534 0.1618033988749895 0.06909830056250527
v -0.10739370946021981 0.1618033988749895 0.04781476007338054
v -0.11498814685531945 0.1618033988749895 0.024441485128374265
v -0.11755705045849463 0.1618033988749895 6.660240420653676e-17
v -0.11498814685531945 0.1618033988749895 -0.024441485128374237
v -0.1073937094602198 0.1618033988749895 -0.04781476007338056
v -0.09510565162951537 0.1618033988749895 -0.06909830056250525
v -0.07866102045505143 0.1618033988749895 -0.0873619137466152
v -0.05877852522924737 0.1618033988749895 -0.1018073920910254
v -0.03632712640026806 0.1618033988749895 -0.11180339887498948
v -0.012288057830704531 0.1618033988749895 -0.11691306063588582
v 0.012288057830704384 0.1618033988749895 -0.11691306063588583
v 0.03632712640026802 0.1618033988749895 -0.1118033988749895
v 0.05877852522924733 0.1618033988749895 -0.10180739209102543
v 0.07866102045505143 0.1618033988749895 -0.0873619137466152
v 0.09510565162951534 0.1618033988749895 -0.06909830056250528
v 0.10739370946021981 0.1618033988749895 -0.047814760073380556
v 0.11498814685531945 0.1618033988749895 -0.024441485128374227
v 0.11755705045849463 0.1618033988749895 -1.332048084130735e-16
v 0.1414213562373095 0.14142135623730953 0.0
v 0.1383309602960451 0.14142135623730953 0.02940315329303969
v 0.12919483760425018 0.14142135623730953 0.05752124769519014
v 0.11441228056353686 0.14142135623730953 0.08312538755549069
v 0.09462935785116301 0.14142135623730953 0.10509654909975176
v 0.07071067811865477 0.14142135623730953 0.1224744871391589
v 0.04370160244488211 0.14142135623730953 0.13449970239279146
v 0.01478255704071334 0.14142135623730953 0.14064663525068083
v -0.014782557040713323 0.14142135623730953 0.14064663525068083
v -0.043701602444882096 0.14142135623730953 0.13449970239279146
v -0.07071067811865472 0.14142135623730953 0.12247448713915891
v -0.09462935785116296 0.14142135623730953 0.1050965490997518
v -0.11441228056353685 0.14142135623730953 0.0831253875554907
v -0.1291948376042502 0.14142135623730953 0.057521247695190125
v -0.1383309602960451 0.14142135623730953 0.02940315329303969
v -0.1414213562373095 0.14142135623730953 8.012281947206087e-17
v -0.1383309602960451 0.14142135623730953 -0.029403153293039656
v -0.12919483760425018 0.14142135623730953 -0.057521247695190146
v -0.11441228056353688 0.14142135623730953 -0.08312538755549068
v -0.09462935785116304 0.14142135623730953 -0.10509654909975175
v -0.07071067811865482 0.14142135623730953 -0.12247448713915887
v -0.04370160244488212 0.14142135623730953 -0.13449970239279146
v -0.01478255704071345 0.14142135623730953 -0.14064663525068083
v 0.014782557040713273 0.14142135623730953 -0.14064663525068083
v 0.04370160244488208 0.14142135623730953 -0.13449970239279146
v 0.07071067811865477 0.14142135623730953 -0.1224744871391589
v 0.09462935785116304 0.14142135623730953 -0.10509654909975175
v 0.11441228056353685 0.14142135623730953 -0.08312538755549072
v 0.1291948376042502 0.14142135623730953 -0.05752124769519014
v 0.1383309602960451 0.14142135623730953 -0.029403153293039642
v 0.1414213562373095 0.14142135623730953 -1.6024563894412174e-16
v 0.1618033988749895 0.11755705045849463 0.0
v 0.15826760640014595 0.11755705045849463 0.0336408182401594
v 0.1478147600733806 0.11755705045849463 0.06581137129666793
v 0.13090169943749477 0.11755705045849463 0.09510565162951537
v 0.10826760640014593 0.11755705045849463 0.12024335861860327
v 0.08090169943749477 0.11755705045849463 0.14012585384440737
v 0.05000000000000001 0.11755705045849463 0.15388417685876268
v 0.01691306063588582 0.11755705045849463 0.16091702292618332
v -0.016913060635885803 0.11755705045849463 0.16091702292618332
v -0.049999999999999996 0.11755705045849463 0.1538841768587627
v -0.08090169943749471 0.11755705045849463 0.1401258538444074
v -0.10826760640014588 0.11755705045849463 0.12024335861860333
v -0.13090169943749475 0.11755705045849463 0.0951056516295154
v -0.1478147600733806 0.11755705045849463 0.06581137129666792
v -0.15826760640014595 0.11755705045849463 0.0336408182401594
v -0.1618033988749895 0.11755705045849463 9.167034500979045e-17
v -0.15826760640014595 0.11755705045849463 -0.03364081824015937
v -0.1478147600733806 0.11755705045849463 -0.06581137129666795
v -0.1309016994374948 0.11755705045849463 -0.09510565162951536
v -0.10826760640014597 0.11755705045849463 -0.12024335861860325
v -0.08090169943749483 0.11755705045849463 -0.14012585384440734
v -0.05000000000000003 0.11755705045849463 -0.15388417685876268
v -0.01691306063588595 0.11755705045849463 -0.16091702292618332
v 0.016913060635885744 0.11755705045849463 -0.16091702292618332
v 0.049999999999999975 0.11755705045849463 -0.1538841768587627
v 0.08090169943749477 0.11755705045849463 -0.14012585384440737
v 0.10826760640014597 0.11755705045849463 -0.12024335861860325
v 0.13090169943749475 0.11755705045849463 -0.09510565162951541
v 0.1478147600733806 0.11755705045849463 -0.06581137129666793
v 0.15826760640014595 0.11755705045849463 -0.033640818240159354
v 0.1618033988749895 0.11755705045849463 -1.833406900195809e-16
v 0.17820130483767357 0.09079809994790937 0.0
v 0.17430717877460392 0.09079809994790937 0.037050134594731665
v 0.16279499258044114 0.09079809994790937 0.0724810005214027
v 0.14416788403346845 0.09079809994790937 0.10474409892285988
v 0.11923994715997226 0.09079809994790937 0.13242937758343684
v 0.0891006524188368 0.09079809994790937 0.15432685697696008
v 0.05506723161463167 0.09079809994790937 0.1694795121781685
v 0.01862710854697268 0.09079809994790937 0.17722509944426257
v -0.018627108546972655 0.09079809994790937 0.1772250994442626
v -0.05506723161463165 0.09079809994790937 0.16947951217816853
v -0.08910065241883675 0.09079809994790937 0.1543268569769601
v -0.1192399471599722 0.09079809994790937 0.1324293775834369
v -0.14416788403346845 0.09079809994790937 0.1047440989228599
v -0.16279499258044114 0.09079809994790937 0.07248100052140267
v -0.17430717877460392 0.09079809994790937 0.037050134594731665
v -0.17820130483767357 0.09079809994790937 1.0096064241694647e-16
v -0.17430717877460392 0.09079809994790937 -0.037050134594731624
v -0.16279499258044114 0.09079809994790937 -0.0724810005214027
v -0.14416788403346847 0.09079809994790937 -0.10474409892285985
v -0.1192399471599723 0.09079809994790937 -0.1324293775834368
v -0.08910065241883687 0.09079809994790937 -0.15432685697696005
v -0.055067231614631694 0.09079809994790937 -0.1694795121781685
v -0.018627108546972818 0.09079809994790937 -0.17722509944426257
v 0.018627108546972596 0.09079809994790937 -0.1772250994442626
v 0.05506723161463163 0.09079809994790937 -0.16947951217816853
v 0.0891006524188368 0.09079809994790937 -0.15432685697696008
v 0.1192399471599723 0.09079809994790937 -0.1324293775834368
v 0.14416788403346845 0.09079809994790937 -0.10474409892285992
v 0.16279499258044114 0.09079809994790937 -0.0724810005214027
v 0.17430717877460392 0.09079809994790937 -0.0370501345947316
v 0.17820130483767357 0.09079809994790937 -2.0192128483389294e-16
v 0.1902113032590307 0.06180339887498949 0.0
v 0.1860547299152712 0.06180339887498949 0.03954715367323465
v 0.17376667208456675 0.06180339887498949 0.07736590696265115
v 0.15388417685876268 0.06180339887498949 0.11180339887498948
v 0.12727620468602388 0.06180339887498949 0.14135454576426007
v 0.09510565162951538 0.06180339887498949 0.16472782070926636
v 0.05877852522924732 0.06180339887498949 0.18090169943749473
v 0.019882495225804084 0.06180339887498949 0.18916930583764063
v -0.01988249522580406 0.06180339887498949 0.18916930583764066
v -0.05877852522924729 0.06180339887498949 0.18090169943749476
v -0.09510565162951531 0.06180339887498949 0.1647278207092664
v -0.12727620468602382 0.06180339887498949 0.14135454576426013
v -0.15388417685876266 0.06180339887498949 0.11180339887498951
v -0.17376667208456678 0.06180339887498949 0.07736590696265114
v -0.1860547299152712 0.06180339887498949 0.03954715367323465
v -0.1902113032590307 0.06180339887498949 1.0776495373863544e-16
v -0.1860547299152712 0.06180339887498949 -0.0395471536732346
v -0.17376667208456675 0.06180339887498949 -0.07736590696265117
v -0.15388417685876268 0.06180339887498949 -0.11180339887498947
v -0.12727620468602394 0.06180339887498949 -0.14135454576426004
v -0.09510565162951544 0.06180339887498949 -0.16472782070926634
v -0.05877852522924734 0.06180339887498949 -0.18090169943749473
v -0.019882495225804233 0.06180339887498949 -0.18916930583764063
v 0.019882495225803994 0.06180339887498949 -0.18916930583764066
v 0.05877852522924727 0.06180339887498949 -0.18090169943749476
v 0.09510565162951538 0.06180339887498949 -0.16472782070926636
v 0.12727620468602394 0.06180339887498949 -0.14135454576426004
v 0.15388417685876266 0.06180339887498949 -0.11180339887498952
v 0.17376667208456678 0.06180339887498949 -0.07736590696265115
v 0.1860547299152712 0.06180339887498949 -0.03954715367323459
v 0.1902113032590307 0.06180339887498949 -2.1552990747727089e-16
v 0.19753766811902757 0.031286893008046185 0.0
v 0.1932209961251776 0.031286893008046185 0.04107039057882441
v 0.18045963942344925 0.031286893008046185 0.08034580801175478
v 0.15981133053749155 0.031286893008046185 0.11610972809260944
v 0.13217849964719983 0.031286893008046185 0.14679909589952614
v 0.09876883405951381 0.031286893008046185 0.17107263879541726
v 0.06104249647797778 0.031286893008046185 0.18786948647835058
v 0.020648308885957693 0.031286893008046185 0.19645553610436423
v -0.02064830888595767 0.031286893008046185 0.19645553610436425
v -0.061042496477977756 0.031286893008046185 0.18786948647835058
v -0.09876883405951374 0.031286893008046185 0.1710726387954173
v -0.13217849964719974 0.031286893008046185 0.14679909589952622
v -0.15981133053749152 0.031286893008046185 0.11610972809260947
v -0.18045963942344925 0.031286893008046185 0.08034580801175475
v -0.1932209961251776 0.031286893008046185 0.04107039057882441
v -0.19753766811902757 0.031286893008046185 1.1191573424790278e-16
v -0.1932209961251776 0.031286893008046185 -0.04107039057882436
v -0.18045963942344925 0.031286893008046185 -0.0803458080117548
v -0.15981133053749158 0.031286893008046185 -0.11610972809260943
v -0.13217849964719985 0.031286893008046185 -0.1467990958995261
v -0.09876883405951387 0.031286893008046185 -0.17107263879541723
v -0.0610424964779778 0.031286893008046185 -0.18786948647835058
v -0.020648308885957846 0.031286893008046185 -0.19645553610436423
v 0.0206483088859576 0.031286893008046185 -0.19645553610436425
v 0.061042496477977735 0.031286893008046185 -0.18786948647835058
v 0.09876883405951381 0.031286893008046185 -0.17107263879541726
v 0.13217849964719985 0.031286893008046185 -0.1467990958995261
v 0.15981133053749152 0.031286893008046185 -0.11610972809260948
v 0.18045963942344925 0.031286893008046185 -0.08034580801175478
v 0.1932209961251776 0.031286893008046185 -0.04107039057882435
v 0.19753766811902757 0.031286893008046185 -2.2383146849580556e-16
v 0.2 1.2246467991473533e-17 0.0
v 0.19562952014676116 1.2246467991473533e-17 0.04158233816355186
v 0.1827090915285202 1.2246467991473533e-17 0.08134732861516003
v 0.1618033988749895 1.2246467991473533e-17 0.11755705045849463
v 0.13382612127177165 1.2246467991473533e-17 0.14862896509547882
v 0.10000000000000003 1.2246467991473533e-17 0.17320508075688773
v 0.06180339887498949 1.2246467991473533e-17 0.1902113032590307
v 0.02090569265353069 1.2246467991473533e-17 0.19890437907365466
v -0.020905692653530667 1.2246467991473533e-17 0.19890437907365469
v -0.06180339887498947 1.2246467991473533e-17 0.19021130325903074
v -0.09999999999999996 1.2246467991473533e-17 0.17320508075688776
v -0.1338261212717716 1.2246467991473533e-17 0.1486289650954789
v -0.16180339887498948 1.2246467991473533e-17 0.11755705045849466
v -0.18270909152852022 1.2246467991473533e-17 0.08134732861516002
v -0.19562952014676116 1.2246467991473533e-17 0.04158233816355186
v -0.2 1.2246467991473533e-17 1.1331077795295959e-16
v -0.19562952014676116 1.2246467991473533e-17 -0.041582338163551814
v -0.1827090915285202 1.2246467991473533e-17 -0.08134732861516004
v -0.1618033988749895 1.2246467991473533e-17 -0.11755705045849461
v -0.1338261212717717 1.2246467991473533e-17 -0.14862896509547882
v -0.10000000000000009 1.2246467991473533e-17 -0.17320508075688767
v -0.061803398874989514 1.2246467991473533e-17 -0.1902113032590307
v -0.020905692653530848 1.2246467991473533e-17 -0.19890437907365466
v 0.020905692653530598 1.2246467991473533e-17 -0.19890437907365469
v 0.06180339887498945 1.2246467991473533e-17 -0.19021130325903074
v 0.10000000000000003 1.2246467991473533e-17 -0.17320508075688773
v 0.1338261212717717 1.2246467991473533e-17 -0.14862896509547882
v 0.16180339887498948 1.2246467991473533e-17 -0.11755705045849468
v 0.18270909152852022 1.2246467991473533e-17 -0.08134732861516003
v 0.19562952014676116 1.2246467991473533e-17 -0.0415823381635518
v 0.2 1.2246467991473533e-17 -2.2662155590591917e-16
v 0.19753766811902757 -0.03128689300804612 0.0
v 0.1932209961251776 -0.03128689300804612 0.04107039057882441
v 0.18045963942344925 -0.03128689300804612 0.08034580801175478
v 0.15981133053749155 -0.03128689300804612 0.11610972809260944
v 0.13217849964719983 -0.03128689300804612 0.14679909589952614
v 0.09876883405951381 -0.03128689300804612 0.17107263879541726
v 0.06104249647797778 -0.03128689300804612 0.18786948647835058
v 0.020648308885957693 -0.03128689300804612 0.19645553610436423
v -0.02064830888595767 -0.03128689300804612 0.19645553610436425
v -0.061042496477977756 -0.03128689300804612 0.18786948647835058
v -0.09876883405951374 -0.03128689300804612 0.1710726387954173
v -0.13217849964719974 -0.03128689300804612 0.14679909589952622
v -0.15981133053749152 -0.03128689300804612 0.11610972809260947
v -0.18045963942344925 -0.03128689300804612 0.08034580801175475
v -0.1932209961251776 -0.03128689300804612 0.04107039057882441
v -0.19753766811902757 -0.03128689300804612 1.1191573424790278e-16
v -0.1932209961251776 -0.03128689300804612 -0.04107039057882436
v -0.18045963942344925 -0.03128689300804612 -0.0803458080117548
v -0.15981133053749158 -0.03128689300804612 -0.11610972809260943
v -0.13217849964719985 -0.03128689300804612 -0.1467990958995261
v -0.09876883405951387 -0.03128689300804612 -0.17107263879541723
v -0.0610424964779778 -0.03128689300804612 -0.18786948647835058
v -0.020648308885957846 -0.03128689300804612 -0.19645553610436423
v 0.0206483088859576 -0.03128689300804612 -0.19645553610436425
v 0.061042496477977735 -0.03128689300804612 -0.18786948647835058
v 0.09876883405951381 -0.03128689300804612 -0.17107263879541726
v 0.13217849964719985 -0.03128689300804612 -0.1467990958995261
v 0.15981133053749152 -0.03128689300804612 -0.11610972809260948
v 0.18045963942344925 -0.03128689300804612 -0.08034580801175478
v 0.1932209961251776 -0.03128689300804612 -0.04107039057882435
v 0.19753766811902757 -0.03128689300804612 -2.2383146849580556e-16
v 0.19021130325903074 -0.06180339887498947 0.0
v 0.18605472991527122 -0.06180339887498947 0.03954715367323466
v 0.17376667208456678 -0.06180339887498947 0.07736590696265117
v 0.15388417685876268 -0.06180339887498947 0.1118033988749895
v 0.1272762046860239 -0.06180339887498947 0.1413545457642601
v 0.0951056516295154 -0.06180339887498947 0.1647278207092664
v 0.05877852522924733 -0.06180339887498947 0.18090169943749476
v 0.019882495225804087 -0.06180339887498947 0.18916930583764066
v -0.019882495225804063 -0.06180339887498947 0.1891693058376407
v -0.05877852522924731 -0.06180339887498947 0.1809016994374948
v -0.09510565162951533 -0.06180339887498947 0.16472782070926642
v -0.12727620468602385 -0.06180339887498947 0.14135454576426015
v -0.15388417685876268 -0.06180339887498947 0.11180339887498952
v -0.1737666720845668 -0.06180339887498947 0.07736590696265115
v -0.18605472991527122 -0.06180339887498947 0.03954715367323466
v -0.19021130325903074 -0.06180339887498947 1.0776495373863546e-16
v -0.18605472991527122 -0.06180339887498947 -0.03954715367323461
v -0.17376667208456678 -0.06180339887498947 -0.07736590696265118
v -0.1538841768587627 -0.06180339887498947 -0.11180339887498948
v -0.12727620468602394 -0.06180339887498947 -0.14135454576426007
v -0.09510565162951545 -0.06180339887498947 -0.16472782070926636
v -0.05877852522924735 -0.06180339887498947 -0.18090169943749476
v -0.019882495225804236 -0.06180339887498947 -0.18916930583764066
v 0.019882495225803997 -0.06180339887498947 -0.1891693058376407
v 0.058778525229247286 -0.06180339887498947 -0.1809016994374948
v 0.0951056516295154 -0.06180339887498947 -0.1647278207092664
v 0.12727620468602394 -0.06180339887498947 -0.14135454576426007
v 0.15388417685876268 -0.06180339887498947 -0.11180339887498954
v 0.1737666720845668 -0.06180339887498947 -0.07736590696265117
v 0.18605472991527122 -0.06180339887498947 -0.03954715367323459
v 0.19021130325903074 -0.06180339887498947 -2.155299074772709e-16
v 0.1782013048376736 -0.09079809994790934 0.0
v 0.17430717877460394 -0.09079809994790934 0.03705013459473167
v 0.16279499258044117 -0.09079809994790934 0.0724810005214027
v 0.14416788403346847 -0.09079809994790934 0.1047440989228599
v 0.11923994715997227 -0.09079809994790934 0.13242937758343687
v 0.08910065241883681 -0.09079809994790934 0.1543268569769601
v 0.05506723161463168 -0.09079809994790934 0.16947951217816853
v 0.018627108546972682 -0.09079809994790934 0.1772250994442626
v -0.018627108546972658 -0.09079809994790934 0.17722509944426262
v -0.05506723161463166 -0.09079809994790934 0.16947951217816856
v -0.08910065241883676 -0.09079809994790934 0.15432685697696014
v -0.11923994715997221 -0.09079809994790934 0.13242937758343692
v -0.14416788403346847 -0.09079809994790934 0.10474409892285991
v -0.16279499258044117 -0.09079809994790934 0.07248100052140269
v -0.17430717877460394 -0.09079809994790934 0.03705013459473167
v -0.1782013048376736 -0.09079809994790934 1.0096064241694649e-16
v -0.17430717877460394 -0.09079809994790934 -0.037050134594731624
v -0.16279499258044117 -0.09079809994790934 -0.07248100052140272
v -0.1441678840334685 -0.09079809994790934 -0.10474409892285987
v -0.11923994715997231 -0.09079809994790934 -0.13242937758343684
v -0.08910065241883688 -0.09079809994790934 -0.15432685697696008
v -0.0550672316146317 -0.09079809994790934 -0.16947951217816853
v -0.01862710854697282 -0.09079809994790934 -0.1772250994442626
v 0.0186271085469726 -0.09079809994790934 -0.17722509944426262
v 0.05506723161463164 -0.09079809994790934 -0.16947951217816856
v 0.08910065241883681 -0.09079809994790934 -0.1543268569769601
v 0.11923994715997231 -0.09079809994790934 -0.13242937758343684
v 0.14416788403346847 -0.09079809994790934 -0.10474409892285994
v 0.16279499258044117 -0.09079809994790934 -0.0724810005214027
v 0.17430717877460394 -0.09079809994790934 -0.03705013459473161
v 0.1782013048376736 -0.09079809994790934 -2.0192128483389299e-16
v 0.1618033988749895 -0.11755705045849461 0.0
v 0.15826760640014595 -0.11755705045849461 0.0336408182401594
v 0.1478147600733806 -0.11755705045849461 0.06581137129666793
v 0.13090169943749477 -0.11755705045849461 0.09510565162951537
v 0.10826760640014593 -0.11755705045849461 0.12024335861860327
v 0.08090169943749477 -0.11755705045849461 0.14012585384440737
v 0.05000000000000001 -0.11755705045849461 0.15388417685876268
v 0.01691306063588582 -0.11755705045849461 0.16091702292618332
v -0.016913060635885803 -0.11755705045849461 0.16091702292618332
v -0.049999999999999996 -0.11755705045849461 0.1538841768587627
v -0.08090169943749471 -0.11755705045849461 0.1401258538444074
v -0.10826760640014588 -0.11755705045849461 0.12024335861860333
v -0.13090169943749475 -0.11755705045849461 0.0951056516295154
v -0.1478147600733806 -0.11755705045849461 0.06581137129666792
v -0.15826760640014595 -0.11755705045849461 0.0336408182401594
v -0.1618033988749895 -0.11755705045849461 9.167034500979045e-17
v -0.15826760640014595 -0.11755705045849461 -0.03364081824015937
v -0.1478147600733806 -0.11755705045849461 -0.06581137129666795
v -0.1309016994374948 -0.11755705045849461 -0.09510565162951536
v -0.10826760640014597 -0.11755705045849461 -0.12024335861860325
v -0.08090169943749483 -0.11755705045849461 -0.14012585384440734
v -0.05000000000000003 -0.11755705045849461 -0.15388417685876268
v -0.01691306063588595 -0.11755705045849461 -0.16091702292618332
v 0.016913060635885744 -0.11755705045849461 -0.16091702292618332
v 0.049999999999999975 -0.11755705045849461 -0.1538841768587627
v 0.08090169943749477 -0.11755705045849461 -0.14012585384440737
v 0.10826760640014597 -0.11755705045849461 -0.12024335861860325
v 0.13090169943749475 -0.11755705045849461 -0.09510565162951541
v 0.1478147600733806 -0.11755705045849461 -0.06581137129666793
v 0.15826760640014595 -0.11755705045849461 -0.033640818240159354
v 0.1618033988749895 -0.11755705045849461 -1.833406900195809e-16
v 0.14142135623730953 -0.1414213562373095 0.0
v 0.13833096029604514 -0.1414213562373095 0.029403153293039698
v 0.1291948376042502 -0.1414213562373095 0.05752124769519015
v 0.11441228056353689 -0.1414213562373095 0.0831253875554907
v 0.09462935785116303 -0.1414213562373095 0.10509654909975177
v 0.07071067811865478 -0.1414213562373095 0.12247448713915893
v 0.043701602444882116 -0.1414213562373095 0.1344997023927915
v 0.014782557040713344 -0.1414213562373095 0.14064663525068086
v -0.014782557040713325 -0.1414213562373095 0.14064663525068086
v -0.0437016024448821 -0.1414213562373095 0.1344997023927915
v -0.07071067811865474 -0.1414213562373095 0.12247448713915894
v -0.09462935785116298 -0.1414213562373095 0.10509654909975183
v -0.11441228056353688 -0.1414213562373095 0.08312538755549072
v -0.12919483760425024 -0.1414213562373095 0.05752124769519013
v -0.13833096029604514 -0.1414213562373095 0.029403153293039698
v -0.14142135623730953 -0.1414213562373095 8.012281947206088e-17
v -0.13833096029604514 -0.1414213562373095 -0.029403153293039663
v -0.1291948376042502 -0.1414213562373095 -0.05752124769519016
v -0.1144122805635369 -0.1414213562373095 -0.08312538755549069
v -0.09462935785116305 -0.1414213562373095 -0.10509654909975176
v -0.07071067811865483 -0.1414213562373095 -0.12247448713915889
v -0.04370160244488214 -0.1414213562373095 -0.1344997023927915
v -0.014782557040713453 -0.1414213562373095 -0.14064663525068086
v 0.014782557040713276 -0.1414213562373095 -0.14064663525068086
v 0.04370160244488209 -0.1414213562373095 -0.1344997023927915
v 0.07071067811865478 -0.1414213562373095 -0.12247448713915893
v 0.09462935785116305 -0.1414213562373095 -0.10509654909975176
v 0.11441228056353688 -0.1414213562373095 -0.08312538755549073
v 0.12919483760425024 -0.1414213562373095 -0.05752124769519015
v 0.13833096029604514 -0.1414213562373095 -0.02940315329303965
v 0.14142135623730953 -0.1414213562373095 -1.6024563894412177e-16
v 0.11755705045849466 -0.16180339887498948 0.0
v 0.11498814685531948 -0.16180339887498948 0.024441485128374272
v 0.10739370946021982 -0.16180339887498948 0.04781476007338057
v 0.09510565162951538 -0.16180339887498948 0.06909830056250528
v 0.07866102045505143 -0.16180339887498948 0.08736191374661523
v 0.05877852522924734 -0.16180339887498948 0.10180739209102546
v 0.036327126400268056 -0.16180339887498948 0.11180339887498951
v 0.012288057830704443 -0.16180339887498948 0.11691306063588584
v -0.012288057830704429 -0.16180339887498948 0.11691306063588586
v -0.03632712640026804 -0.16180339887498948 0.11180339887498952
v -0.0587785252292473 -0.16180339887498948 0.10180739209102548
v -0.07866102045505138 -0.16180339887498948 0.08736191374661527
v -0.09510565162951537 -0.16180339887498948 0.0690983005625053
v -0.10739370946021984 -0.16180339887498948 0.047814760073380556
v -0.11498814685531948 -0.16180339887498948 0.024441485128374272
v -0.11755705045849466 -0.16180339887498948 6.660240420653677e-17
v -0.11498814685531948 -0.16180339887498948 -0.02444148512837424
v -0.10739370946021982 -0.16180339887498948 -0.04781476007338058
v -0.0951056516295154 -0.16180339887498948 -0.06909830056250527
v -0.07866102045505145 -0.16180339887498948 -0.08736191374661521
v -0.05877852522924738 -0.16180339887498948 -0.10180739209102543
v -0.03632712640026807 -0.16180339887498948 -0.11180339887498951
v -0.012288057830704534 -0.16180339887498948 -0.11691306063588584
v 0.012288057830704387 -0.16180339887498948 -0.11691306063588586
v 0.03632712640026803 -0.16180339887498948 -0.11180339887498952
v 0.05877852522924734 -0.16180339887498948 -0.10180739209102546
v 0.07866102045505145 -0.16180339887498948 -0.08736191374661521
v 0.09510565162951537 -0.16180339887498948 -0.06909830056250531
v 0.10739370946021984 -0.16180339887498948 -0.04781476007338057
v 0.11498814685531948 -0.16180339887498948 -0.024441485128374234
v 0.11755705045849466 -0.16180339887498948 -1.3320480841307354e-16
v 0.09079809994790938 -0.17820130483767357 0.0
v 0.08881394361523585 -0.17820130483767357 0.018877986483209742
v 0.08294819176999149 -0.17820130483767357 0.03693091437047365
v 0.07345720591481372 -0.17820130483767357 0.05336978408555911
v 0.06075578767437682 -0.17820130483767357 0.06747613813946811
v 0.0453990499739547 -0.17820130483767357 0.07863346117024804
v 0.02805815594085903 -0.17820130483767357 0.08635412462267786
v 0.009490985855177773 -0.17820130483767357 0.09030069845603275
v -0.009490985855177762 -0.17820130483767357 0.09030069845603277
v -0.02805815594085902 -0.17820130483767357 0.08635412462267787
v -0.04539904997395467 -0.17820130483767357 0.07863346117024805
v -0.06075578767437679 -0.17820130483767357 0.06747613813946814
v -0.07345720591481371 -0.17820130483767357 0.05336978408555912
v -0.0829481917699915 -0.17820130483767357 0.03693091437047364
v -0.08881394361523585 -0.17820130483767357 0.018877986483209742
v -0.09079809994790938 -0.17820130483767357 5.144201670874096e-17
v -0.08881394361523585 -0.17820130483767357 -0.01887798648320972
v -0.08294819176999149 -0.17820130483767357 -0.036930914370473654
v -0.07345720591481374 -0.17820130483767357 -0.0533697840855591
v -0.06075578767437684 -0.17820130483767357 -0.0674761381394681
v -0.04539904997395473 -0.17820130483767357 -0.07863346117024801
v -0.02805815594085904 -0.17820130483767357 -0.08635412462267786
v -0.009490985855177844 -0.17820130483767357 -0.09030069845603275
v 0.009490985855177731 -0.17820130483767357 -0.09030069845603277
v 0.02805815594085901 -0.17820130483767357 -0.08635412462267787
v 0.0453990499739547 -0.17820130483767357 -0.07863346117024804
v 0.06075578767437684 -0.17820130483767357 -0.0674761381394681
v 0.07345720591481371 -0.17820130483767357 -0.053369784085559126
v 0.0829481917699915 -0.17820130483767357 -0.03693091437047365
v 0.08881394361523585 -0.17820130483767357 -0.018877986483209715
v 0.09079809994790938 -0.17820130483767357 -1.0288403341748192e-16
v 0.06180339887498951 -0.1902113032590307 0.0
v 0.06045284632676537 -0.1902113032590307 0.012849649158383472
v 0.056460214309120495 -0.1902113032590307 0.025137706989087915
v 0.05000000000000002 -0.1902113032590307 0.036327126400268056
v 0.041354545764260106 -0.1902113032590307 0.04592887607086386
v 0.03090169943749476 -0.1902113032590307 0.05352331346596351
v 0.019098300562505267 -0.1902113032590307 0.058778525229247335
v 0.0064602143091204755 -0.1902113032590307 0.061464833389355975
v -0.006460214309120468 -0.1902113032590307 0.06146483338935598
v -0.01909830056250526 -0.1902113032590307 0.05877852522924734
v -0.03090169943749474 -0.1902113032590307 0.053523313465963514
v -0.041354545764260085 -0.1902113032590307 0.04592887607086388
v -0.05000000000000001 -0.1902113032590307 0.03632712640026806
v -0.0564602143091205 -0.1902113032590307 0.025137706989087908
v -0.06045284632676537 -0.1902113032590307 0.012849649158383472
v -0.06180339887498951 -0.1902113032590307 3.501495603331064e-17
v -0.06045284632676537 -0.1902113032590307 -0.012849649158383457
v -0.056460214309120495 -0.1902113032590307 -0.02513770698908792
v -0.050000000000000024 -0.1902113032590307 -0.03632712640026805
v -0.04135454576426012 -0.1902113032590307 -0.04592887607086385
v -0.03090169943749478 -0.1902113032590307 -0.05352331346596349
v -0.019098300562505274 -0.1902113032590307 -0.058778525229247335
v -0.006460214309120524 -0.1902113032590307 -0.061464833389355975
v 0.006460214309120447 -0.1902113032590307 -0.06146483338935598
v 0.019098300562505253 -0.1902113032590307 -0.05877852522924734
v 0.03090169943749476 -0.1902113032590307 -0.05352331346596351
v 0.04135454576426012 -0.1902113032590307 -0.04592887607086385
v 0.05000000000000001 -0.1902113032590307 -0.03632712640026807
v 0.0564602143091205 -0.1902113032590307 -0.025137706989087915
v 0.06045284632676537 -0.1902113032590307 -0.012849649158383452
v 0.06180339887498951 -0.1902113032590307 -7.002991206662128e-17
v 0.0312868930080462 -0.19753766811902754 0.0
v 0.03060319933023567 -0.19753766811902754 0.006504910825737217
v 0.028581998991250655 -0.19753766811902754 0.012725525834364435
v 0.025311628144700095 -0.19753766811902754 0.01838997430018205
v 0.020935017689558674 -0.19753766811902754 0.023250692644194396
v 0.015643446504023103 -0.19753766811902754 0.027095244150453737
v 0.009668181640676995 -0.19753766811902754 0.029755603469931616
v 0.003270370846550561 -0.19753766811902754 0.031115500134546482
v -0.003270370846550557 -0.19753766811902754 0.031115500134546486
v -0.009668181640676992 -0.19753766811902754 0.02975560346993162
v -0.015643446504023092 -0.19753766811902754 0.02709524415045374
v -0.020935017689558664 -0.19753766811902754 0.023250692644194406
v -0.02531162814470009 -0.19753766811902754 0.018389974300182053
v -0.02858199899125066 -0.19753766811902754 0.012725525834364431
v -0.03060319933023567 -0.19753766811902754 0.006504910825737217
v -0.0312868930080462 -0.19753766811902754 1.7725710932363633e-17
v -0.03060319933023567 -0.19753766811902754 -0.0065049108257372095
v -0.028581998991250655 -0.19753766811902754 -0.012725525834364437
v -0.0253116281447001 -0.19753766811902754 -0.018389974300182046
v -0.02093501768955868 -0.19753766811902754 -0.023250692644194392
v -0.015643446504023113 -0.19753766811902754 -0.02709524415045373
v -0.009668181640676999 -0.19753766811902754 -0.029755603469931616
v -0.003270370846550585 -0.19753766811902754 -0.031115500134546482
v 0.003270370846550546 -0.19753766811902754 -0.031115500134546486
v 0.009668181640676989 -0.19753766811902754 -0.02975560346993162
v 0.015643446504023103 -0.19753766811902754 -0.027095244150453737
v 0.02093501768955868 -0.19753766811902754 -0.023250692644194392
v 0.02531162814470009 -0.19753766811902754 -0.018389974300182056
v 0.02858199899125066 -0.19753766811902754 -0.012725525834364435
v 0.03060319933023567 -0.19753766811902754 -0.006504910825737207
v 0.0312868930080462 -0.19753766811902754 -3.5451421864727267e-17
v 2.4492935982947065e-17 -0.2 0.0
v 2.395770656664637e-17 -0.2 5.0923677333056624e-18
v 2.2375410411552303e-17 -0.2 9.962174560774364e-18
v 1.9815201452341835e-17 -0.2 1.4396586556119935e-17
v 1.6388973105778067e-17 -0.2 1.8201798636476184e-17
v 1.2246467991473536e-17 -0.2 2.121150477449814e-17
v 7.568733460868301e-18 -0.2 2.3294166369781848e-17
v 2.56020895921047e-18 -0.2 2.43587611168943e-17
v -2.560208959210467e-18 -0.2 2.43587611168943e-17
v -7.5687334608683e-18 -0.2 2.329416636978185e-17
v -1.2246467991473527e-17 -0.2 2.1211504774498142e-17
v -1.638897310577806e-17 -0.2 1.8201798636476193e-17
v -1.9815201452341832e-17 -0.2 1.4396586556119938e-17
v -2.2375410411552306e-17 -0.2 9.96217456077436e-18
v -2.395770656664637e-17 -0.2 5.0923677333056624e-18
v -2.4492935982947065e-17 -0.2 1.3876568152898844e-32
v -2.395770656664637e-17 -0.2 -5.092367733305656e-18
v -2.2375410411552303e-17 -0.2 -9.962174560774364e-18
v -1.9815201452341838e-17 -0.2 -1.4396586556119932e-17
v -1.6388973105778073e-17 -0.2 -1.820179863647618e-17
v -1.2246467991473543e-17 -0.2 -2.1211504774498133e-17
v -7.568733460868304e-18 -0.2 -2.3294166369781848e-17
v -2.560208959210489e-18 -0.2 -2.43587611168943e-17
v 2.5602089592104584e-18 -0.2 -2.43587611168943e-17
v 7.568733460868296e-18 -0.2 -2.329416636978185e-17
v 1.2246467991473536e-17 -0.2 -2.121150477449814e-17
v 1.6388973105778073e-17 -0.2 -1.820179863647618e-17
v 1.9815201452341832e-17 -0.2 -1.439658655611994e-17
v 2.2375410411552306e-17 -0.2 -9.962174560774364e-18
v 2.395770656664637e-17 -0.2 -5.092367733305654e-18
v 2.4492935982947065e-17 -0.2 -2.775313630579769e-32
v 0.0130433680423178 0.24911082485628835 0.0
v 0.006521684021158901 0.24911082485628835 0.011295888075557314
v -0.0065216840211588965 0.24911082485628835 0.011295888075557316
v -0.0130433680423178 0.24911082485628835 7.389770900009006e-18
v -0.006521684021158905 0.24911082485628835 -0.01129588807555731
v 0.006521684021158901 0.24911082485628835 -0.011295888075557314
v 0.05156911016228856 0.24401212135487474 0.002711965356284766
v 0.023435924188418365 0.24401212135487474 0.04601614212924253
v -0.02813318597387019 0.24401212135487474 0.04330417677295777
v -0.05156911016228856 0.24401212135487474 -0.0027119653562847406
v -0.023435924188418375 0.24401212135487474 -0.04601614212924252
v 0.02813318597387021 0.24401212135487474 -0.04330417677295776
v 0.08883167626439065 0.2329147448846505 0.005357580824491902
v 0.03977603703535696 0.2329147448846505 0.0796092787179634
v -0.049055639229033665 0.2329147448846505 0.07425169789347151
v -0.08883167626439065 0.2329147448846505 -0.005357580824491858
v -0.039776037035356995 0.2329147448846505 -0.07960927871796339
v 0.0490556392290337 0.2329147448846505 -0.0742516978934715
v 0.1239172106862491 0.21608789215387308 0.007871974156914567
v 0.05514127574530195 0.21608789215387308 0.11125143949885749
v -0.06877593494094711 0.21608789215387308 0.10337946534194295
v -0.1239172106862491 0.21608789215387308 -0.007871974156914508
v -0.05514127574530198 0.21608789215387308 -0.11125143949885748
v 0.06877593494094716 0.21608789215387308 -0.10337946534194294
v 0.1559632409097093 0.19394060062700752 0.010193353381659014
v 0.06915391747658593 0.19394060062700752 0.14016480537519022
v -0.08680932343312334 0.19394060062700752 0.1299714519935312
v -0.1559632409097093 0.19394060062700752 -0.010193353381658943
v -0.06915391747658597 0.19394060062700752 -0.14016480537519016
v 0.08680932343312339 0.19394060062700752 -0.12997145199353116
v 0.18417958867228024 0.16701281643087937 0.012264501375940554
v 0.0814684245798264 0.16701281643087937 0.16563645333673357
v -0.10271116409245377 0.16701281643087937 0.15337195196079306
v -0.18417958867228024 0.16701281643087937 -0.01226450137594047
v -0.08146842457982646 0.16701281643087937 -0.16563645333673355
v 0.10271116409245387 0.16701281643087937 -0.153371951960793
v 0.20786804901821274 0.13596327142818848 0.014034195986879255
v 0.09178005426277933 0.13596327142818848 0.1870361090783208
v -0.11608799475543337 0.13596327142818848 0.17300191309144158
v -0.20786804901821274 0.13596327142818848 -0.01403419598687916
v -0.0917800542627794 0.13596327142818848 -0.18703610907832074
v 0.11608799475543347 0.13596327142818848 -0.17300191309144153
v 0.22644031432301115 0.1015542145044839 0.015458518974784112
v 0.09983268702445877 0.10155421450448389 0.203832324132053
v -0.12660762729855232 0.1015542145044839 0.1883738051572689
v -0.22644031432301115 0.1015542145044839 -0.015458518974784004
v -0.09983268702445883 0.1015542145044839 -0.20383232413205293
v 0.1266076272985524 0.1015542145044839 -0.18837380515726884
v 0.2394335510438119 0.06463315996199408 0.016502011779142175
v 0.1054256141076188 0.06463315996199408 0.21560654361183024
v -0.13400793693619306 0.06463315996199408 0.19910453183268811
v -0.2394335510438119 0.06463315996199408 -0.01650201177914206
v -0.10542561410761886 0.06463315996199408 -0.21560654361183024
v 0.13400793693619314 0.06463315996199408 -0.19910453183268806
v 0.2465230100199658 0.026111979410014478 0.017138633626543137
v 0.10841901290324236 0.026111979410014474 0.22206450610796769
v -0.13810399711672344 0.026111979410014474 0.20492587248142458
v -0.2465230100199658 0.026111979410014478 -0.017138633626543023
v -0.1084190129032424 0.026111979410014474 -0.22206450610796763
v 0.13810399711672355 0.026111979410014478 -0.20492587248142452
v 0.2475310894602869 -0.013056148191121634 0.017352479489000268
v 0.10873785667402083 -0.013056148191121634 0.2230444514435471
v -0.13879323278626604 -0.013056148191121634 0.20569197195454683
v -0.2475310894602869 -0.013056148191121634 -0.017352479489000153
v -0.10873785667402089 -0.013056148191121634 -0.22304445144354704
v 0.13879323278626615 -0.013056148191121634 -0.20569197195454678
v 0.24243238462548078 -0.05190123278787438 0.01713822276961128
v 0.10637405601854016 -0.05190123278787438 0.218521715170512
v -0.13605832860694062 -0.05190123278787438 0.20138349240090075
v -0.24243238462548078 -0.05190123278787438 -0.017138222769611168
v -0.10637405601854019 -0.05190123278787438 -0.21852171517051194
v 0.13605832860694073 -0.05190123278787438 -0.20138349240090064
v 0.23135444362234173 -0.08946158306574352 0.016501260052076937
v 0.10138671141161892 -0.08946158306574352 0.2086094554814011
v -0.12996773221072278 -0.08946158306574352 0.1921081954293242
v -0.23135444362234173 -0.08946158306574352 -0.016501260052076826
v -0.101386711411619 -0.08946158306574352 -0.20860945548140108
v 0.12996773221072283 -0.08946158306574352 -0.19210819542932417
v 0.21457418036107492 -0.12480863398818595 0.015457551212865232
v 0.09390045814989724 -0.12480863398818597 0.19355546679534746
v -0.12067372221117766 -0.12480863398818595 0.1780979155824823
v -0.21457418036107492 -0.12480863398818595 -0.015457551212865132
v -0.09390045814989728 -0.12480863398818597 -0.19355546679534746
v 0.12067372221117775 -0.12480863398818595 -0.17809791558248225
v 0.1925101363536482 -0.1570706218434399 0.014033165110765845
v 0.0841019906953994 -0.1570706218434399 0.1737352511236484
v -0.10840814565824873 -0.1570706218434399 0.1597020860128826
v -0.1925101363536482 -0.1570706218434399 -0.014033165110765758
v -0.08410199069539946 -0.1570706218434399 -0.17373525112364838
v 0.10840814565824881 -0.1570706218434399 -0.15970208601288255
v 0.16571099277218507 -0.18545434531762944 0.012263556129353244
v 0.07223494523733628 -0.18545434531762944 0.1496417074917284
v -0.09347604753484878 -0.18545434531762944 0.1373781513623752
v -0.16571099277218507 -0.18545434531762944 -0.01226355612935317
v -0.07223494523733633 -0.18545434531762944 -0.14964170749172837
v 0.09347604753484884 -0.18545434531762944 -0.13737815136237513
v 0.13484088186319507 -0.2092644185051602 0.010192607784563136
v 0.05859338365935484 -0.2092644185051602 0.12187193305450487
v -0.07624749820384019 -0.2092644185051602 0.11167932526994176
v -0.13484088186319507 -0.2092644185051602 -0.010192607784563072
v -0.058593383659354875 -0.2092644185051602 -0.12187193305450485
v 0.07624749820384025 -0.2092644185051602 -0.11167932526994175
v 0.10066211791645213 -0.22791961277569872 0.007871485279509493
v 0.0435141527406556 -0.22791961277569872 0.09111169395414696
v -0.05714796517579652 -0.22791961277569872 0.0832402086746375
v -0.10066211791645213 -0.22791961277569872 -0.007871485279509446
v -0.04351415274065563 -0.22791961277569872 -0.09111169395414696
v 0.05714796517579655 -0.22791961277569872 -0.08324020867463748
v 0.06401596658849121 -0.24096606375263835 0.005357339447321539
v 0.027368391236168667 -0.24096606375263835 0.05811812303711
v -0.03664757535232252 -0.24096606375263835 0.05276078358978846
v -0.06401596658849121 -0.24096606375263835 -0.0053573394473215115
v -0.027368391236168684 -0.24096606375263835 -0.058118123037109976
v 0.03664757535232255 -0.24096606375263835 -0.05276078358978845
v 0.025802016209930327 -0.24808726068496728 0.0027119011820573137
v 0.010552432788750486 -0.24808726068496728 0.023701152097686196
v -0.015249583421179836 -0.24808726068496728 0.02098925091562889
v -0.025802016209930327 -0.24808726068496728 -0.0027119011820573033
v -0.010552432788750489 -0.24808726068496728 -0.023701152097686196
v 0.015249583421179849 -0.24808726068496728 -0.020989250915628886
f 0 1 651
f 1 31 651
f 31 0 651
f 1 32 31
f 1 2 32
f 2 33 32
f 2 3 33
f 3 34 33
f 3 4 34
f 4 35 34
f 4 5 35
f 5 36 35
f 5 6 652
f 6 36 652
f 36 5 652
f 6 37 36
f 6 7 37
f 7 38 37
f 7 8 38
f 8 39 38
f 8 9 39
f 9 40 39
f 9 10 40
f 10 41 40
f 10 11 653
f 11 41 653
f 41 10 653
f 11 42 41
f 11 12 42
f 12 43 42
f 12 13 43
f 13 44 43
f 13 14 44
f 14 45 44
f 14 15 45
f 15 46 45
f 15 16 654
f 16 46 654
f 46 15 654
f 16 47 46
f 16 17 47
f 17 48 47
f 17 18 48
f 18 49 48
f 18 19 49
f 19 50 49
f 19 20 50
f 20 51 50
f 20 21 655
f 21 51 655
f 51 20 655
f 21 52 51
f 21 22 52
f 22 53 52
f 22 23 53
f 23 54 53
f 23 24 54
f 24 55 54
f 24 25 55
f 25 56 55
f 25 26 656
f 26 56 656
f 56 25 656
f 26 57 56
f 26 27 57
f 27 58 57
f 27 28 58
f 28 59 58
f 28 29 59
f 29 60 59
f 29 30 60
f 30 61 60
f 31 32 657
f 32 62 657
f 62 31 657
f 32 63 62
f 32 33 63
f 33 64 63
f 33 34 64
f 34 65 64
f 34 35 65
f 35 66 65
f 35 36 66
f 36 67 66
f 36 37 658
f 37 67 658
f 67 36 658
f 37 68 67
f 37 38 68
f 38 69 68
f 38 39 69
f 39 70 69
f 39 40 70
f 40 71 70
f 40 41 71
f 41 72 71
f 41 42 659
f 42 72 659
f 72 41 659
f 42 73 72
f 42 43 73
f 43 74 73
f 43 44 74
f 44 75 74
f 44 45 75
f 45 76 75
f 45 46 76
f 46 77 76
f 46 47 660
f 47 77 660
f 77 46 660
f 47 78 77
f 47 48 78
f 48 79 78
f 48 49 79
f 49 80 79
f 49 50 80
f 50 81 80
f 50 51 81
f 51 82 81
f 51 52 661
f 52 82 661
f 82 51 661
f 52 83 82
f 52 53 83
f 53 84 83
f 53 54 84
f 54 85 84
f 54 55 85
f 55 86 85
f 55 56 86
f 56 87 86
f 56 57 662
f 57 87 662
f 87 56 662
f 57 88 87
f 57 58 88
f 58 89 88
f 58 59 89
f 59 90 89
f 59 60 90
f 60 91 90
f 60 61 91
f 61 92 91
f 62 63 663
f 63 93 663
f 93 62 663
f 63 94 93
f 63 64 94
f 64 95 94
f 64 65 95
f 65 96 95
f 65 66 96
f 66 97 96
f 66 67 97
f 67 98 97
f 67 68 664
f 68 98 664
f 98 67 664
f 68 99 98
f 68 69 99
f 69 100 99
f 69 70 100
f 70 101 100
f 70 71 101
f 71 102 101
f 71 72 102
f 72 103 102
f 72 73 665
f 73 103 665
f 103 72 665
f 73 104 103
f 73 74 104
f 74 105 104
f 74 75 105
f 75 106 105
f 75 76 106
f 76 107 106
f 76 77 107
f 77 108 107
f 77 78 666
f 78 108 666
f 108 77 666
f 78 109 108
f 78 79 109
f 79 110 109
f 79 80 110
f 80 111 110
f 80 81 111
f 81 112 111
f 81 82 112
f 82 113 112
f 82 83 667
f 83 113 667
f 113 82 667
f 83 114 113
f 83 84 114
f 84 115 114
f 84 85 115
f 85 116 115
f 85 86 116
f 86 117 116
f 86 87 117
f 87 118 117
f 87 88 668
f 88 118 668
f 118 87 668
f 88 119 118
f 88 89 119
f 89 120 119
f 89 90 120
f 90 121 120
f 90 91 121
f 91 122 121
f 91 92 122
f 92 123 122
f 93 94 669
f 94 124 669
f 124 93 669
f 94 125 124
f 94 95 125
f 95 126 125
f 95 96 126
f 96 127 126
f 96 97 127
f 97 128 127
f 97 98 128
f 98 129 128
f 98 99 670
f 99 129 670
f 129 98 670
f 99 130 129
f 99 100 130
f 100 131 130
f 100 101 131
f 101 132 131
f 101 102 132
f 102 133 132
f 102 103 133
f 103 134 133
f 103 104 671
f 104 134 671
f 134 103 671
f 104 135 134
f 104 105 135
f 105 136 135
f 105 106 136
f 106 137 136
f 106 107 137
f 107 138 137
f 107 108 138
f 108 139 138
f 108 109 672
f 109 139 672
f 139 108 672
f 109 140 139
f 109 110 140
f 110 141 140
f 110 111 141
f 111 142 141
f 111 112 142
f 112 143 142
f 112 113 143
f 113 144 143
f 113 114 673
f 114 144 673
f 144 113 673
f 114 145 144
f 114 115 145
f 115 146 145
f 115 116 146
f 116 147 146
f 116 117 147
f 117 148 147
f 117 118 148
f 118 149 148
f 118 119 674
f 119 149 674
f 149 118 674
f 119 150 149
f 119 120 150
f 120 151 150
f 120 121 151
f 121 152 151
f 121 122 152
f 122 153 152
f 122 123 153
f 123 154 153
f 124 125 675
f 125 155 675
f 155 124 675
f 125 156 155
f 125 126 156
f 126 157 156
f 126 127 157
f 127 158 157
f 127 128 158
f 128 159 158
f 128 129 159
f 129 160 159
f 129 130 676
f 130 160 676
f 160 129 676
f 130 161 160
f 130 131 161
f 131 162 161
f 131 132 162
f 132 163 162
f 132 133 163
f 133 164 163
f 133 134 164
f 134 165 164
f 134 135 677
f 135 165 677
f 165 134 677
f 135 166 165
f 135 136 166
f 136 167 166
f 136 137 167
f 137 168 167
f 137 138 168
f 138 169 168
f 138 139 169
f 139 170 169
f 139 140 678
f 140 170 678
f 170 139 678
f 140 171 170
f 140 141 171
f 141 172 171
f 141 142 172
f 142 173 172
f 142 143 173
f 143 174 173
f 143 144 174
f 144 175 174
f 144 145 679
f 145 175 679
f 175 144 679
f 145 176 175
f 145 146 176
f 146 177 176
f 146 147 177
f 147 178 177
f 147 148 178
f 148 179 178
f 148 149 179
f 149 180 179
f 149 150 680
f 150 180 680
f 180 149 680
f 150 181 180
f 150 151 181
f 151 182 181
f 151 152 182
f 152 183 182
f 152 153 183
f 153 184 183
f 153 154 184
f 154 185 184
f 155 156 681
f 156 186 681
f 186 155 681
f 156 187 186
f 156 157 187
f 157 188 187
f 157 158 188
f 158 189 188
f 158 159 189
f 159 190 189
f 159 160 190
f 160 191 190
f 160 161 682
f 161 191 682
f 191 160 682
f 161 192 191
f 161 162 192
f 162 193 192
f 162 163 193
f 163 194 193
f 163 164 194
f 164 195 194
f 164 165 195
f 165 196 195
f 165 166 683
f 166 196 683
f 196 165 683
f 166 197 196
f 166 167 197
f 167 198 197
f 167 168 198
f 168 199 198
f 168 169 199
f 169 200 199
f 169 170 200
f 170 201 200
f 170 171 684
f 171 201 684
f 201 170 684
f 171 202 201
f 171 172 202
f 172 203 202
f 172 173 203
f 173 204 203
f 173 174 204
f 174 205 204
f 174 175 205
f 175 206 205
f 175 176 685
f 176 206 685
f 206 175 685
f 176 207 206
f 176 177 207
f 177 208 207
f 177 178 208
f 178 209 208
f 178 179 209
f 179 210 209
f 179 180 210
f 180 211 210
f 180 181 686
f 181 211 686
f 211 180 686
f 181 212 211
f 181 182 212
f 182 213 212
f 182 183 213
f 183 214 213
f 183 184 214
f 184 215 214
f 184 185 215
f 185 216 215
f 186 187 687
f 187 217 687
f 217 186 687
f 187 218 217
f 187 188 218
f 188 219 218
f 188 189 219
f 189 220 219
f 189 190 220
f 190 221 220
f 190 191 221
f 191 222 221
f 191 192 688
f 192 222 688
f 222 191 688
f 192 223 222
f 192 193 223
f 193 224 223
f 193 194 224
f 194 225 224
f 194 195 225
f 195 226 225
f 195 196 226
f 196 227 226
f 196 197 689
f 197 227 689
f 227 196 689
f 197 228 227
f 197 198 228
f 198 229 228
f 198 199 229
f 199 230 229
f 199 200 230
f 200 231 230
f 200 201 231
f 201 232 231
f 201 202 690
f 202 232 690
f 232 201 690
f 202 233 232
f 202 203 233
f 203 234 233
f 203 204 234
f 204 235 234
f 204 205 235
f 205 236 235
f 205 206 236
f 206 237 236
f 206 207 691
f 207 237 691
f 237 206 691
f 207 238 237
f 207 208 238
f 208 239 238
f 208 209 239
f 209 240 239
f 209 210 240
f 210 241 240
f 210 211 241
f 211 242 241
f 211 212 692
f 212 242 692
f 242 211 692
f 212 243 242
f 212 213 243
f 213 244 243
f 213 214 244
f 214 245 244
f 214 215 245
f 215 246 245
f 215 216 246
f 216 247 246
f 217 218 693
f 218 248 693
f 248 217 693
f 218 249 248
f 218 219 249
f 219 250 249
f 219 220 250
f 220 251 250
f 220 221 251
f 221 252 251
f 221 222 252
f 222 253 252
f 222 223 694
f 223 253 694
f 253 222 694
f 223 254 253
f 223 224 254
f 224 255 254
f 224 225 255
f 225 256 255
f 225 226 256
f 226 257 256
f 226 227 257
f 227 258 257
f 227 228 695
f 228 258 695
f 258 227 695
f 228 259 258
f 228 229 259
f 229 260 259
f 229 230 260
f 230 261 260
f 230 231 261
f 231 262 261
f 231 232 262
f 232 263 262
f 232 233 696
f 233 263 696
f 263 232 696
f 233 264 263
f 233 234 264
f 234 265 264
f 234 235 265
f 235 266 265
f 235 236 266
f 236 267 266
f 236 237 267
f 237 268 267
f 237 238 697
f 238 268 697
f 268 237 697
f 238 269 268
f 238 239 269
f 239 270 269
f 239 240 270
f 240 271 270
f 240 241 271
f 241 272 271
f 241 242 272
f 242 273 272
f 242 243 698
f 243 273 698
f 273 242 698
f 243 274 273
f 243 244 274
f 244 275 274
f 244 245 275
f 245 276 275
f 245 246 276
f 246 277 276
f 246 247 277
f 247 278 277
f 248 249 699
f 249 279 699
f 279 248 699
f 249 280 279
f 249 250 280
f 250 281 280
f 250 251 281
f 251 282 281
f 251 252 282
f 252 283 282
f 252 253 283
f 253 284 283
f 253 254 700
f 254 284 700
f 284 253 700
f 254 285 284
f 254 255 285
f 255 286 285
f 255 256 286
f 256 287 286
f 256 257 287
f 257 288 287
f 257 258 288
f 258 289 288
f 258 259 701
f 259 289 701
f 289 258 701
f 259 290 289
f 259 260 290
f 260 291 290
f 260 261 291
f 261 292 291
f 261 262 292
f 262 293 292
f 262 263 293
f 263 294 293
f 263 264 702
f 264 294 702
f 294 263 702
f 264 295 294
f 264 265 295
f 265 296 295
f 265 266 296
f 266 297 296
f 266 267 297
f 267 298 297
f 267 268 298
f 268 299 298
f 268 269 703
f 269 299 703
f 299 268 703
f 269 300 299
f 269 270 300
f 270 301 300
f 270 271 301
f 271 302 301
f 271 272 302
f 272 303 302
f 272 273 303
f 273 304 303
f 273 274 704
f 274 304 704
f 304 273 704
f 274 305 304
f 274 275 305
f 275 306 305
f 275 276 306
f 276 307 306
f 276 277 307
f 277 308 307
f 277 278 308
f 278 309 308
f 279 280 705
f 280 310 705
f 310 279 705
f 280 311 310
f 280 281 311
f 281 312 311
f 281 282 312
f 282 313 312
f 282 283 313
f 283 314 313
f 283 284 314
f 284 315 314
f 284 285 706
f 285 315 706
f 315 284 706
f 285 316 315
f 285 286 316
f 286 317 316
f 286 287 317
f 287 318 317
f 287 288 318
f 288 319 318
f 288 289 319
f 289 320 319
f 289 290 707
f 290 320 707
f 320 289 707
f 290 321 320
f 290 291 321
f 291 322 321
f 291 292 322
f 292 323 322
f 292 293 323
f 293 324 323
f 293 294 324
f 294 325 324
f 294 295 708
f 295 325 708
f 325 294 708
f 295 326 325
f 295 296 326
f 296 327 326
f 296 297 327
f 297 328 327
f 297 298 328
f 298 329 328
f 298 299 329
f 299 330 329
f 299 300 709
f 300 330 709
f 330 299 709
f 300 331 330
f 300 301 331
f 301 332 331
f 301 302 332
f 302 333 332
f 302 303 333
f 303 334 333
f 303 304 334
f 304 335 334
f 304 305 710
f 305 335 710
f 335 304 710
f 305 336 335
f 305 306 336
f 306 337 336
f 306 307 337
f 307 338 337
f 307 308 338
f 308 339 338
f 308 309 339
f 309 340 339
f 310 311 711
f 311 341 711
f 341 310 711
f 311 342 341
f 311 312 342
f 312 343 342
f 312 313 343
f 313 344 343
f 313 314 344
f 314 345 344
f 314 315 345
f 315 346 345
f 315 316 712
f 316 346 712
f 346 315 712
f 316 347 346
f 316 317 347
f 317 348 347
f 317 318 348
f 318 349 348
f 318 319 349
f 319 350 349
f 319 320 350
f 320 351 350
f 320 321 713
f 321 351 713
f 351 320 713
f 321 352 351
f 321 322 352
f 322 353 352
f 322 323 353
f 323 354 353
f 323 324 354
f 324 355 354
f 324 325 355
f 325 356 355
f 325 326 714
f 326 356 714
f 356 325 714
f 326 357 356
f 326 327 357
f 327 358 357
f 327 328 358
f 328 359 358
f 328 329 359
f 329 360 359
f 329 330 360
f 330 361 360
f 330 331 715
f 331 361 715
f 361 330 715
f 331 362 361
f 331 332 362
f 332 363 362
f 332 333 363
f 333 364 363
f 333 334 364
f 334 365 364
f 334 335 365
f 335 366 365
f 335 336 716
f 336 366 716
f 366 335 716
f 336 367 366
f 336 337 367
f 337 368 367
f 337 338 368
f 338 369 368
f 338 339 369
f 339 370 369
f 339 340 370
f 340 371 370
f 341 342 717
f 342 372 717
f 372 341 717
f 342 373 372
f 342 343 373
f 343 374 373
f 343 344 374
f 344 375 374
f 344 345 375
f 345 376 375
f 345 346 376
f 346 377 376
f 346 347 718
f 347 377 718
f 377 346 718
f 347 378 377
f 347 348 378
f 348 379 378
f 348 349 379
f 349 380 379
f 349 350 380
f 350 381 380
f 350 351 381
f 351 382 381
f 351 352 719
f 352 382 719
f 382 351 719
f 352 383 382
f 352 353 383
f 353 384 383
f 353 354 384
f 354 385 384
f 354 355 385
f 355 386 385
f 355 356 386
f 356 387 386
f 356 357 720
f 357 387 720
f 387 356 720
f 357 388 387
f 357 358 388
f 358 389 388
f 358 359 389
f 359 390 389
f 359 360 390
f 360 391 390
f 360 361 391
f 361 392 391
f 361 362 721
f 362 392 721
f 392 361 721
f 362 393 392
f 362 363 393
f 363 394 393
f 363 364 394
f 364 395 394
f 364 365 395
f 365 396 395
f 365 366 396
f 366 397 396
f 366 367 722
f 367 397 722
f 397 366 722
f 367 398 397
f 367 368 398
f 368 399 398
f 368 369 399
f 369 400 399
f 369 370 400
f 370 401 400
f 370 371 401
f 371 402 401
f 372 373 723
f 373 403 723
f 403 372 723
f 373 404 403
f 373 374 404
f 374 405 404
f 374 375 405
f 375 406 405
f 375 376 406
f 376 407 406
f 376 377 407
f 377 408 407
f 377 378 724
f 378 408 724
f 408 377 724
f 378 409 408
f 378 379 409
f 379 410 409
f 379 380 410
f 380 411 410
f 380 381 411
f 381 412 411
f 381 382 412
f 382 413 412
f 382 383 725
f 383 413 725
f 413 382 725
f 383 414 413
f 383 384 414
f 384 415 414
f 384 385 415
f 385 416 415
f 385 386 416
f 386 417 416
f 386 387 417
f 387 418 417
f 387 388 726
f 388 418 726
f 418 387 726
f 388 419 418
f 388 389 419
f 389 420 419
f 389 390 420
f 390 421 420
f 390 391 421
f 391 422 421
f 391 392 422
f 392 423 422
f 392 393 727
f 393 423 727
f 423 392 727
f 393 424 423
f 393 394 424
f 394 425 424
f 394 395 425
f 395 426 425
f 395 396 426
f 396 427 426
f 396 397 427
f 397 428 427
f 397 398 728
f 398 428 728
f 428 397 728
f 398 429 428
f 398 399 429
f 399 430 429
f 399 400 430
f 400 431 430
f 400 401 431
f 401 432 431
f 401 402 432
f 402 433 432
f 403 404 729
f 404 434 729
f 434 403 729
f 404 435 434
f 404 405 435
f 405 436 435
f 405 406 436
f 406 437 436
f 406 407 437
f 407 438 437
f 407 408 438
f 408 439 438
f 408 409 730
f 409 439 730
f 439 408 730
f 409 440 439
f 409 410 440
f 410 441 440
f 410 411 441
f 411 442 441
f 411 412 442
f 412 443 442
f 412 413 443
f 413 444 443
f 413 414 731
f 414 444 731
f 444 413 731
f 414 445 444
f 414 415 445
f 415 446 445
f 415 416 446
f 416 447 446
f 416 417 447
f 417 448 447
f 417 418 448
f 418 449 448
f 418 419 732
f 419 449 732
f 449 418 732
f 419 450 449
f 419 420 450
f 420 451 450
f 420 421 451
f 421 452 451
f 421 422 452
f 422 453 452
f 422 423 453
f 423 454 453
f 423 424 733
f 424 454 733
f 454 423 733
f 424 455 454
f 424 425 455
f 425 456 455
f 425 426 456
f 426 457 456
f 426 427 457
f 427 458 457
f 427 428 458
f 428 459 458
f 428 429 734
f 429 459 734
f 459 428 734
f 429 460 459
f 429 430 460
f 430 461 460
f 430 431 461
f 431 462 461
f 431 432 462
f 432 463 462
f 432 433 463
f 433 464 463
f 434 435 735
f 435 465 735
f 465 434 735
f 435 466 465
f 435 436 466
f 436 467 466
f 436 437 467
f 437 468 467
f 437 438 468
f 438 469 468
f 438 439 469
f 439 470 469
f 439 440 736
f 440 470 736
f 470 439 736
f 440 471 470
f 440 441 471
f 441 472 471
f 441 442 472
f 442 473 472
f 442 443 473
f 443 474 473
f 443 444 474
f 444 475 474
f 444 445 737
f 445 475 737
f 475 444 737
f 445 476 475
f 445 446 476
f 446 477 476
f 446 447 477
f 447 478 477
f 447 448 478
f 448 479 478
f 448 449 479
f 449 480 479
f 449 450 738
f 450 480 738
f 480 449 738
f 450 481 480
f 450 451 481
f 451 482 481
f 451 452 482
f 452 483 482
f 452 453 483
f 453 484 483
f 453 454 484
f 454 485 484
f 454 455 739
f 455 485 739
f 485 454 739
f 455 486 485
f 455 456 486
f 456 487 486
f 456 457 487
f 457 488 487
f 457 458 488
f 458 489 488
f 458 459 489
f 459 490 489
f 459 460 740
f 460 490 740
f 490 459 740
f 460 491 490
f 460 461 491
f 461 492 491
f 461 462 492
f 462 493 492
f 462 463 493
f 463 494 493
f 463 464 494
f 464 495 494
f 465 466 741
f 466 496 741
f 496 465 741
f 466 497 496
f 466 467 497
f 467 498 497
f 467 468 498
f 468 499 498
f 468 469 499
f 469 500 499
f 469 470 500
f 470 501 500
f 470 471 742
f 471 501 742
f 501 470 742
f 471 502 501
f 471 472 502
f 472 503 502
f 472 473 503
f 473 504 503
f 473 474 504
f 474 505 504
f 474 475 505
f 475 506 505
f 475 476 743
f 476 506 743
f 506 475 743
f 476 507 506
f 476 477 507
f 477 508 507
f 477 478 508
f 478 509 508
f 478 479 509
f 479 510 509
f 479 480 510
f 480 511 510
f 480 481 744
f 481 511 744
f 511 480 744
f 481 512 511
f 481 482 512
f 482 513 512
f 482 483 513
f 483 514 513
f 483 484 514
f 484 515 514
f 484 485 515
f 485 516 515
f 485 486 745
f 486 516 745
f 516 485 745
f 486 517 516
f 486 487 517
f 487 518 517
f 487 488 518
f 488 519 518
f 488 489 519
f 489 520 519
f 489 490 520
f 490 521 520
f 490 491 746
f 491 521 746
f 521 490 746
f 491 522 521
f 491 492 522
f 492 523 522
f 492 493 523
f 493 524 523
f 493 494 524
f 494 525 524
f 494 495 525
f 495 526 525
f 496 497 747
f 497 527 747
f 527 496 747
f 497 528 527
f 497 498 528
f 498 529 528
f 498 499 529
f 499 530 529
f 499 500 530
f 500 531 530
f 500 501 531
f 501 532 531
f 501 502 748
f 502 532 748
f 532 501 748
f 502 533 532
f 502 503 533
f 503 534 533
f 503 504 534
f 504 535 534
f 504 505 535
f 505 536 535
f 505 506 536
f 506 537 536
f 506 507 749
f 507 537 749
f 537 506 749
f 507 538 537
f 507 508 538
f 508 539 538
f 508 509 539
f 509 540 539
f 509 510 540
f 510 541 540
f 510 511 541
f 511 542 541
f 511 512 750
f 512 542 750
f 542 511 750
f 512 543 542
f 512 513 543
f 513 544 543
f 513 514 544
f 514 545 544
f 514 515 545
f 515 546 545
f 515 516 546
f 516 547 546
f 516 517 751
f 517 547 751
f 547 516 751
f 517 548 547
f 517 518 548
f 518 549 548
f 518 519 549
f 519 550 549
f 519 520 550
f 520 551 550
f 520 521 551
f 521 552 551
f 521 522 752
f 522 552 752
f 552 521 752
f 522 553 552
f 522 523 553
f 523 554 553
f 523 524 554
f 524 555 554
f 524 525 555
f 525 556 555
f 525 526 556
f 526 557 556
f 527 528 753
f 528 558 753
f 558 527 753
f 528 559 558
f 528 529 559
f 529 560 559
f 529 530 560
f 530 561 560
f 530 531 561
f 531 562 561
f 531 532 562
f 532 563 562
f 532 533 754
f 533 563 754
f 563 532 754
f 533 564 563
f 533 534 564
f 534 565 564
f 534 535 565
f 535 566 565
f 535 536 566
f 536 567 566
f 536 537 567
f 537 568 567
f 537 538 755
f 538 568 755
f 568 537 755
f 538 569 568
f 538 539 569
f 539 570 569
f 539 540 570
f 540 571 570
f 540 541 571
f 541 572 571
f 541 542 572
f 542 573 572
f 542 543 756
f 543 573 756
f 573 542 756
f 543 574 573
f 543 544 574
f 544 575 574
f 544 545 575
f 545 576 575
f 545 546 576
f 546 577 576
f 546 547 577
f 547 578 577
f 547 548 757
f 548 578 757
f 578 547 757
f 548 579 578
f 548 549 579
f 549 580 579
f 549 550 580
f 550 581 580
f 550 551 581
f 551 582 581
f 551 552 582
f 552 583 582
f 552 553 758
f 553 583 758
f 583 552 758
f 553 584 583
f 553 554 584
f 554 585 584
f 554 555 585
f 555 586 585
f 555 556 586
f 556 587 586
f 556 557 587
f 557 588 587
f 558 559 759
f 559 589 759
f 589 558 759
f 559 590 589
f 559 560 590
f 560 591 590
f 560 561 591
f 561 592 591
f 561 562 592
f 562 593 592
f 562 563 593
f 563 594 593
f 563 564 760
f 564 594 760
f 594 563 760
f 564 595 594
f 564 565 595
f 565 596 595
f 565 566 596
f 566 597 596
f 566 567 597
f 567 598 597
f 567 568 598
f 568 599 598
f 568 569 761
f 569 599 761
f 599 568 761
f 569 600 599
f 569 570 600
f 570 601 600
f 570 571 601
f 571 602 601
f 571 572 602
f 572 603 602
f 572 573 603
f 573 604 603
f 573 574 762
f 574 604 762
f 604 573 762
f 574 605 604
f 574 575 605
f 575 606 605
f 575 576 606
f 576 607 606
f 576 577 607
f 577 608 607
f 577 578 608
f 578 609 608
f 578 579 763
f 579 609 763
f 609 578 763
f 579 610 609
f 579 580 610
f 580 611 610
f 580 581 611
f 581 612 611
f 581 582 612
f 582 613 612
f 582 583 613
f 583 614 613
f 583 584 764
f 584 614 764
f 614 583 764
f 584 615 614
f 584 585 615
f 585 616 615
f 585 586 616
f 586 617 616
f 586 587 617
f 587 618 617
f 587 588 618
f 588 619 618
f 589 590 765
f 590 620 765
f 620 589 765
f 590 621 620
f 590 591 621
f 591 622 621
f 591 592 622
f 592 623 622
f 592 593 623
f 593 624 623
f 593 594 624
f 594 625 624
f 594 595 766
f 595 625 766
f 625 594 766
f 595 626 625
f 595 596 626
f 596 627 626
f 596 597 627
f 597 628 627
f 597 598 628
f 598 629 628
f 598 599 629
f 599 630 629
f 599 600 767
f 600 630 767
f 630 599 767
f 600 631 630
f 600 601 631
f 601 632 631
f 601 602 632
f 602 633 632
f 602 603 633
f 603 634 633
f 603 604 634
f 604 635 634
f 604 605 768
f 605 635 768
f 635 604 768
f 605 636 635
f 605 606 636
f 606 637 636
f 606 607 637
f 607 638 637
f 607 608 638
f 608 639 638
f 608 609 639
f 609 640 639
f 609 610 769
f 610 640 769
f 640 609 769
f 610 641 640
f 610 611 641
f 611 642 641
f 611 612 642
f 612 643 642
f 612 613 643
f 613 644 643
f 613 614 644
f 614 645 644
f 614 615 770
f 615 645 770
f 645 614 770
f 615 646 645
f 615 616 646
f 616 647 646
f 616 617 647
f 617 648 647
f 617 618 648
f 618 649 648
f 618 619 649
f 619 650 649
