v -0.6 0.0 0.1
v -0.4 0.5 0.1
v 0.4 0.5 0.1
v 0.4 -0.5 0.1
v -0.4 -0.5 0.1
v 0.4 0.1 0.1
v 0.4 -0.1 0.1
v 0.6 0.3 0.1
v 0.6 -0.3 0.1
v -0.6 0.0 -0.1
v -0.4 0.5 -0.1
v 0.4 0.5 -0.1
v 0.4 -0.5 -0.1
v -0.4 -0.5 -0.1
v 0.4 0.1 -0.1
v 0.4 -0.1 -0.1
v 0.6 0.3 -0.1
v 0.6 -0.3 -0.1
f 1 2 5
f 2 3 5
f 3 4 5
f 6 8 7
f 7 8 9
f 10 14 11
f 11 14 12
f 12 14 13
f 15 17 16
f 16 17 18
f 1 10 11
f 1 11 2
f 2 11 12
f 2 12 3
f 3 12 15
f 3 15 6
f 6 15 17
f 6 17 8
f 8 17 18
f 8 18 9
f 9 18 16
f 9 16 7
f 7 16 13
f 7 13 4
f 4 13 14
f 4 14 5
f 5 14 10
f 5 10 1