v 0.0 0.0 0.0
v 0.19960534572601318 0.012558103539049625 0.0
v 0.19842293858528137 0.025066645815968513 0.0
v 0.19645744562149048 0.03747626394033432 0.0
v 0.1937166303396225 0.04973797872662544 0.0
v 0.19021129608154297 0.06180340051651001 0.0
v 0.18595530092716217 0.07362490892410278 0.0
v 0.18096540868282318 0.08515585958957672 0.0
v 0.17526133358478546 0.09635073691606522 0.0
v 0.16886559128761292 0.10716535896062851 0.0
v 0.16180339455604553 0.11755704879760742 0.0
v 0.1541026532649994 0.12748479843139648 0.0
v 0.14579372107982635 0.13690942525863647 0.0
v 0.13690942525863647 0.14579372107982635 0.0
v 0.12748479843139648 0.1541026532649994 0.0
v 0.11755704879760742 0.16180339455604553 0.0
v 0.10716535896062851 0.16886559128761292 0.0
v 0.09635073691606522 0.17526133358478546 0.0
v 0.08515585958957672 0.18096540868282318 0.0
v 0.07362490892410278 0.18595530092716217 0.0
v 0.06180340051651001 0.19021129608154297 0.0
v 0.04973797872662544 0.1937166303396225 0.0
v 0.03747626394033432 0.19645744562149048 0.0
v 0.025066645815968513 0.19842293858528137 0.0
v 0.012558103539049625 0.19960534572601318 0.0
v -1.2098029972312303e-16 0.20000000298023224 0.0
v -0.012558103539049625 0.19960534572601318 0.0
v -0.025066645815968513 0.19842293858528137 0.0
v -0.03747626394033432 0.19645744562149048 0.0
v -0.04973797872662544 0.1937166303396225 0.0
v -0.06180340051651001 0.19021129608154297 0.0
v -0.07362490892410278 0.18595530092716217 0.0
v -0.08515585958957672 0.18096540868282318 0.0
v -0.09635073691606522 0.17526133358478546 0.0
v -0.10716535896062851 0.16886559128761292 0.0
v -0.11755704879760742 0.16180339455604553 0.0
v -0.12748479843139648 0.1541026532649994 0.0
v -0.13690942525863647 0.14579372107982635 0.0
v -0.14579372107982635 0.13690942525863647 0.0
v -0.1541026532649994 0.12748479843139648 0.0
v -0.16180339455604553 0.11755704879760742 0.0
v -0.16886559128761292 0.10716535896062851 0.0
v -0.17526133358478546 0.09635073691606522 0.0
v -0.18096540868282318 0.08515585958957672 0.0
v -0.18595530092716217 0.07362490892410278 0.0
v -0.19021129608154297 0.06180340051651001 0.0
v -0.1937166303396225 0.04973797872662544 0.0
v -0.19645744562149048 0.03747626394033432 0.0
v -0.19842293858528137 0.025066645815968513 0.0
v -0.19960534572601318 0.012558103539049625 0.0
v -0.20000000298023224 -5.084141094744159e-16 0.0
v -0.19960534572601318 -0.012558103539049625 0.0
v -0.19842293858528137 -0.025066645815968513 0.0
v -0.19645744562149048 -0.03747626394033432 0.0
v -0.1937166303396225 -0.04973797872662544 0.0
v -0.19021129608154297 -0.06180340051651001 0.0
v -0.18595530092716217 -0.07362490892410278 0.0
v -0.18096540868282318 -0.08515585958957672 0.0
v -0.17526133358478546 -0.09635073691606522 0.0
v -0.16886559128761292 -0.10716535896062851 0.0
v -0.16180339455604553 -0.11755704879760742 0.0
v -0.1541026532649994 -0.12748479843139648 0.0
v -0.14579372107982635 -0.13690942525863647 0.0
v -0.13690942525863647 -0.14579372107982635 0.0
v -0.12748479843139648 -0.1541026532649994 0.0
v -0.11755704879760742 -0.16180339455604553 0.0
v -0.10716535896062851 -0.16886559128761292 0.0
v -0.09635073691606522 -0.17526133358478546 0.0
v -0.08515585958957672 -0.18096540868282318 0.0
v -0.07362490892410278 -0.18595530092716217 0.0
v -0.06180340051651001 -0.19021129608154297 0.0
v -0.04973797872662544 -0.1937166303396225 0.0
v -0.03747626394033432 -0.19645744562149048 0.0
v -0.025066645815968513 -0.19842293858528137 0.0
v -0.012558103539049625 -0.19960534572601318 0.0
v -3.6739405577555036e-17 -0.20000000298023224 0.0
v 0.012558103539049625 -0.19960534572601318 0.0
v 0.025066645815968513 -0.19842293858528137 0.0
v 0.03747626394033432 -0.19645744562149048 0.0
v 0.04973797872662544 -0.1937166303396225 0.0
v 0.06180340051651001 -0.19021129608154297 0.0
v 0.07362490892410278 -0.18595530092716217 0.0
v 0.08515585958957672 -0.18096540868282318 0.0
v 0.09635073691606522 -0.17526133358478546 0.0
v 0.10716535896062851 -0.16886559128761292 0.0
v 0.11755704879760742 -0.16180339455604553 0.0
v 0.12748479843139648 -0.1541026532649994 0.0
v 0.13690942525863647 -0.14579372107982635 0.0
v 0.14579372107982635 -0.13690942525863647 0.0
v 0.1541026532649994 -0.12748479843139648 0.0
v 0.16180339455604553 -0.11755704879760742 0.0
v 0.16886559128761292 -0.10716535896062851 0.0
v 0.17526133358478546 -0.09635073691606522 0.0
v 0.18096540868282318 -0.08515585958957672 0.0
v 0.18595530092716217 -0.07362490892410278 0.0
v 0.19021129608154297 -0.06180340051651001 0.0
v 0.1937166303396225 -0.04973797872662544 0.0
v 0.19645744562149048 -0.03747626394033432 0.0
v 0.19842293858528137 -0.025066645815968513 0.0
v 0.19960534572601318 -0.012558103539049625 0.0
v 0.20000000298023224 -1.825342660564098e-15 0.0
f 1 2 3
f 1 3 4
f 1 4 5
f 1 5 6
f 1 6 7
f 1 7 8
f 1 8 9
f 1 9 10
f 1 10 11
f 1 11 12
f 1 12 13
f 1 13 14
f 1 14 15
f 1 15 16
f 1 16 17
f 1 17 18
f 1 18 19
f 1 19 20
f 1 20 21
f 1 21 22
f 1 22 23
f 1 23 24
f 1 24 25
f 1 25 26
f 1 26 27
f 1 27 28
f 1 28 29
f 1 29 30
f 1 30 31
f 1 31 32
f 1 32 33
f 1 33 34
f 1 34 35
f 1 35 36
f 1 36 37
f 1 37 38
f 1 38 39
f 1 39 40
f 1 40 41
f 1 41 42
f 1 42 43
f 1 43 44
f 1 44 45
f 1 45 46
f 1 46 47
f 1 47 48
f 1 48 49
f 1 49 50
f 1 50 51
f 1 51 52
f 1 52 53
f 1 53 54
f 1 54 55
f 1 55 56
f 1 56 57
f 1 57 58
f 1 58 59
f 1 59 60
f 1 60 61
f 1 61 62
f 1 62 63
f 1 63 64
f 1 64 65
f 1 65 66
f 1 66 67
f 1 67 68
f 1 68 69
f 1 69 70
f 1 70 71
f 1 71 72
f 1 72 73
f 1 73 74
f 1 74 75
f 1 75 76
f 1 76 77
f 1 77 78
f 1 78 79
f 1 79 80
f 1 80 81
f 1 81 82
f 1 82 83
f 1 83 84
f 1 84 85
f 1 85 86
f 1 86 87
f 1 87 88
f 1 88 89
f 1 89 90
f 1 90 91
f 1 91 92
f 1 92 93
f 1 93 94
f 1 94 95
f 1 95 96
f 1 96 97
f 1 97 98
f 1 98 99
f 1 99 100
f 1 100 101
f 1 101 2
