v 0.0 0.0 0.3
v 0.0 0.0 0.3
v 0.0 0.0 0.3
v 0.0 0.0 0.3
v 0.0 0.0 0.3
v 0.0 0.0 0.3
v 0.0 0.0 0.3
v 0.0 0.0 0.3
v -0.0 0.0 0.3
v -0.0 0.0 0.3
v -0.0 0.0 0.3
v -0.0 0.0 0.3
v -0.0 0.0 0.3
v -0.0 0.0 0.3
v -0.0 0.0 0.3
v -0.0 0.0 0.3
v -0.0 -0.0 0.3
v -0.0 -0.0 0.3
v -0.0 -0.0 0.3
v -0.0 -0.0 0.3
v -0.0 -0.0 0.3
v -0.0 -0.0 0.3
v -0.0 -0.0 0.3
v 0.0 -0.0 0.3
v 0.0 -0.0 0.3
v 0.0 -0.0 0.3
v 0.0 -0.0 0.3
v 0.0 -0.0 0.3
v 0.0 -0.0 0.3
v 0.0 -0.0 0.3
v 0.0 -0.0 0.3
v 0.09386067902413851 0.0 0.2963065021785413
v 0.09180959799070693 0.009757366238605817 0.2963065021785413
v 0.08574599697375189 0.019088288751546636 0.2963065021785413
v 0.07593488443410022 0.02758496145027305 0.2963065021785413
v 0.06280505306867597 0.03487603896629156 0.2963065021785413
v 0.04693033951206927 0.04064286622568057 0.2963065021785413
v 0.02900454492203096 0.044633405204897385 0.2963065021785413
v 0.009811112539651674 0.046673250201819685 0.2963065021785413
v -0.009811112539651662 0.046673250201819685 0.2963065021785413
v -0.02900454492203095 0.044633405204897385 0.2963065021785413
v -0.046930339512069236 0.04064286622568058 0.2963065021785413
v -0.06280505306867594 0.03487603896629158 0.2963065021785413
v -0.07593488443410021 0.027584961450273053 0.2963065021785413
v -0.08574599697375189 0.01908828875154663 0.2963065021785413
v -0.09180959799070693 0.009757366238605817 0.2963065021785413
v -0.09386067902413851 2.6588566398545427e-17 0.2963065021785413
v -0.09180959799070693 -0.009757366238605805 0.2963065021785413
v -0.08574599697375189 -0.019088288751546636 0.2963065021785413
v -0.07593488443410022 -0.027584961450273043 0.2963065021785413
v -0.062805053068676 -0.03487603896629156 0.2963065021785413
v -0.0469303395120693 -0.04064286622568056 0.2963065021785413
v -0.02900454492203097 -0.044633405204897385 0.2963065021785413
v -0.009811112539651747 -0.046673250201819685 0.2963065021785413
v 0.00981111253965163 -0.046673250201819685 0.2963065021785413
v 0.029004544922030938 -0.044633405204897385 0.2963065021785413
v 0.04693033951206927 -0.04064286622568057 0.2963065021785413
v 0.062805053068676 -0.03487603896629156 0.2963065021785413
v 0.07593488443410021 -0.02758496145027306 0.2963065021785413
v 0.08574599697375189 -0.019088288751546636 0.2963065021785413
v 0.09180959799070693 -0.009757366238605802 0.2963065021785413
v 0.09386067902413851 -5.3177132797090854e-17 0.2963065021785413
v 0.18541019662496844 0.0 0.285316954888546
v 0.18135853898029602 0.0192744737375752 0.285316954888546
v 0.1693806429273614 0.03770656048363186 0.285316954888546
v 0.15 0.05449068960040206 0.285316954888546
v 0.12406363729278026 0.06889331410629575 0.285316954888546
v 0.09270509831248423 0.08028497019894522 0.285316954888546
v 0.057294901687515776 0.08816778784387096 0.285316954888546
v 0.019380642927361417 0.09219725008403391 0.285316954888546
v -0.019380642927361396 0.09219725008403393 0.285316954888546
v -0.057294901687515755 0.08816778784387097 0.285316954888546
v -0.09270509831248418 0.08028497019894523 0.285316954888546
v -0.1240636372927802 0.06889331410629577 0.285316954888546
v -0.14999999999999997 0.05449068960040207 0.285316954888546
v -0.16938064292736144 0.03770656048363184 0.285316954888546
v -0.18135853898029602 0.0192744737375752 0.285316954888546
v -0.18541019662496844 5.2522434049965943e-17 0.285316954888546
v -0.18135853898029602 -0.019274473737575175 0.285316954888546
v -0.1693806429273614 -0.037706560483631864 0.285316954888546
v -0.15000000000000002 -0.05449068960040205 0.285316954888546
v -0.1240636372927803 -0.06889331410629573 0.285316954888546
v -0.0927050983124843 -0.0802849701989452 0.285316954888546
v -0.0572949016875158 -0.08816778784387096 0.285316954888546
v -0.019380642927361563 -0.09219725008403391 0.285316954888546
v 0.01938064292736133 -0.09219725008403393 0.285316954888546
v 0.057294901687515734 -0.08816778784387097 0.285316954888546
v 0.09270509831248423 -0.08028497019894522 0.285316954888546
v 0.1240636372927803 -0.06889331410629573 0.285316954888546
v 0.14999999999999997 -0.054490689600402084 0.285316954888546
v 0.16938064292736144 -0.03770656048363186 0.285316954888546
v 0.18135853898029602 -0.019274473737575168 0.285316954888546
v 0.18541019662496844 -1.0504486809993189e-16 0.285316954888546
v 0.27239429984372804 0.0 0.26730195725651035
v 0.26644183084570744 0.028316979724814603 0.26730195725651035
v 0.24884457530997436 0.05539637155571045 0.26730195725651035
v 0.22037161774444108 0.08005467612833864 0.26730195725651035
v 0.18226736302313037 0.10121420720920211 0.26730195725651035
v 0.13619714992186405 0.11795019175537201 0.26730195725651035
v 0.08417446782257705 0.12953118693401675 0.26730195725651035
v 0.028472957565533308 0.1354510476840491 0.26730195725651035
v -0.028472957565533273 0.1354510476840491 0.26730195725651035
v -0.08417446782257702 0.12953118693401675 0.26730195725651035
v -0.13619714992186396 0.11795019175537202 0.26730195725651035
v -0.1822673630231303 0.10121420720920217 0.26730195725651035
v -0.22037161774444106 0.08005467612833865 0.26730195725651035
v -0.2488445753099744 0.055396371555710436 0.26730195725651035
v -0.26644183084570744 0.028316979724814603 0.26730195725651035
v -0.27239429984372804 7.716302506311141e-17 0.26730195725651035
v -0.26644183084570744 -0.02831697972481457 0.26730195725651035
v -0.24884457530997436 -0.05539637155571046 0.26730195725651035
v -0.2203716177444411 -0.08005467612833861 0.26730195725651035
v -0.18226736302313046 -0.1012142072092021 0.26730195725651035
v -0.13619714992186413 -0.11795019175537198 0.26730195725651035
v -0.08417446782257709 -0.12953118693401675 0.26730195725651035
v -0.02847295756553352 -0.1354510476840491 0.26730195725651035
v 0.02847295756553318 -0.1354510476840491 0.26730195725651035
v 0.084174467822577 -0.12953118693401675 0.26730195725651035
v 0.13619714992186405 -0.11795019175537201 0.26730195725651035
v 0.18226736302313046 -0.1012142072092021 0.26730195725651035
v 0.22037161774444106 -0.08005467612833866 0.26730195725651035
v 0.2488445753099744 -0.05539637155571045 0.26730195725651035
v 0.26644183084570744 -0.028316979724814558 0.26730195725651035
v 0.27239429984372804 -1.5432605012622283e-16 0.26730195725651035
v 0.3526711513754839 0.0 0.2427050983124842
v 0.3449644405659584 0.036662227692561396 0.2427050983124842
v 0.3221811283806594 0.07172214011007083 0.2427050983124842
v 0.2853169548885461 0.10364745084375789 0.2427050983124842
v 0.2359830613651542 0.1310428706199228 0.2427050983124842
v 0.17633557568774197 0.15271108813653814 0.2427050983124842
v 0.10898137920080414 0.16770509831248423 0.2427050983124842
v 0.03686417349211332 0.17536959095382873 0.2427050983124842
v -0.036864173492113274 0.17536959095382876 0.2427050983124842
v -0.1089813792008041 0.16770509831248423 0.2427050983124842
v -0.17633557568774186 0.15271108813653816 0.2427050983124842
v -0.2359830613651541 0.13104287061992287 0.2427050983124842
v -0.285316954888546 0.10364745084375791 0.2427050983124842
v -0.32218112838065943 0.07172214011007082 0.2427050983124842
v -0.3449644405659584 0.036662227692561396 0.2427050983124842
v -0.3526711513754839 9.990360630980513e-17 0.2427050983124842
v -0.3449644405659584 -0.036662227692561354 0.2427050983124842
v -0.3221811283806594 -0.07172214011007084 0.2427050983124842
v -0.28531695488854614 -0.10364745084375787 0.2427050983124842
v -0.2359830613651543 -0.13104287061992279 0.2427050983124842
v -0.1763355756877421 -0.1527110881365381 0.2427050983124842
v -0.10898137920080418 -0.16770509831248423 0.2427050983124842
v -0.03686417349211359 -0.17536959095382873 0.2427050983124842
v 0.036864173492113156 -0.17536959095382876 0.2427050983124842
v 0.10898137920080407 -0.16770509831248423 0.2427050983124842
v 0.17633557568774197 -0.15271108813653814 0.2427050983124842
v 0.2359830613651543 -0.13104287061992279 0.2427050983124842
v 0.285316954888546 -0.10364745084375793 0.2427050983124842
v 0.32218112838065943 -0.07172214011007083 0.2427050983124842
v 0.3449644405659584 -0.03666222769256134 0.2427050983124842
v 0.3526711513754839 -1.9980721261961027e-16 0.2427050983124842
v 0.42426406871192845 0.0 0.21213203435596426
v 0.4149928808881353 0.04410472993955953 0.21213203435596426
v 0.3875845128127505 0.0862818715427852 0.21213203435596426
v 0.34323684169061053 0.12468808133323601 0.21213203435596426
v 0.283888073553489 0.15764482364962762 0.21213203435596426
v 0.21213203435596428 0.1837117307087383 0.21213203435596426
v 0.1311048073346463 0.20174955358918717 0.21213203435596426
v 0.04434767112214002 0.21096995287602122 0.21213203435596426
v -0.04434767112213996 0.21096995287602124 0.21213203435596426
v -0.13110480733464627 0.2017495535891872 0.21213203435596426
v -0.21213203435596414 0.18371173070873834 0.21213203435596426
v -0.28388807355348883 0.15764482364962767 0.21213203435596426
v -0.3432368416906105 0.12468808133323604 0.21213203435596426
v -0.3875845128127506 0.08628187154278517 0.21213203435596426
v -0.4149928808881353 0.04410472993955953 0.21213203435596426
v -0.42426406871192845 1.201842292080913e-16 0.21213203435596426
v -0.4149928808881353 -0.04410472993955948 0.21213203435596426
v -0.3875845128127505 -0.08628187154278522 0.21213203435596426
v -0.3432368416906106 -0.12468808133323599 0.21213203435596426
v -0.28388807355348905 -0.1576448236496276 0.21213203435596426
v -0.21213203435596442 -0.18371173070873828 0.21213203435596426
v -0.13110480733464636 -0.20174955358918717 0.21213203435596426
v -0.044347671122140345 -0.21096995287602122 0.21213203435596426
v 0.04434767112213982 -0.21096995287602124 0.21213203435596426
v 0.13110480733464622 -0.2017495535891872 0.21213203435596426
v 0.21213203435596428 -0.1837117307087383 0.21213203435596426
v 0.28388807355348905 -0.1576448236496276 0.21213203435596426
v 0.3432368416906105 -0.12468808133323606 0.21213203435596426
v 0.3875845128127506 -0.0862818715427852 0.21213203435596426
v 0.4149928808881353 -0.04410472993955946 0.21213203435596426
v 0.42426406871192845 -2.403684584161826e-16 0.21213203435596426
v 0.4854101966249684 0.0 0.17633557568774194
v 0.4748028192004377 0.05046122736023909 0.17633557568774194
v 0.44344428022014165 0.09871705694500188 0.17633557568774194
v 0.39270509831248424 0.14265847744427304 0.17633557568774194
v 0.32480281920043774 0.18036503792790487 0.17633557568774194
v 0.24270509831248427 0.21018878076661102 0.17633557568774194
v 0.15 0.23082626528814398 0.17633557568774194
v 0.05073918190765746 0.24137553438927492 0.17633557568774194
v -0.050739181907657395 0.24137553438927492 0.17633557568774194
v -0.14999999999999994 0.230826265288144 0.17633557568774194
v -0.2427050983124841 0.21018878076661104 0.17633557568774194
v -0.3248028192004376 0.18036503792790495 0.17633557568774194
v -0.3927050983124842 0.14265847744427307 0.17633557568774194
v -0.4434442802201417 0.09871705694500185 0.17633557568774194
v -0.4748028192004377 0.05046122736023909 0.17633557568774194
v -0.4854101966249684 1.3750551751468564e-16 0.17633557568774194
v -0.4748028192004377 -0.05046122736023904 0.17633557568774194
v -0.44344428022014165 -0.0987170569450019 0.17633557568774194
v -0.3927050983124843 -0.142658477444273 0.17633557568774194
v -0.32480281920043785 -0.18036503792790484 0.17633557568774194
v -0.24270509831248444 -0.21018878076661096 0.17633557568774194
v -0.15000000000000005 -0.23082626528814398 0.17633557568774194
v -0.05073918190765783 -0.24137553438927492 0.17633557568774194
v 0.05073918190765723 -0.24137553438927492 0.17633557568774194
v 0.14999999999999988 -0.230826265288144 0.17633557568774194
v 0.24270509831248427 -0.21018878076661102 0.17633557568774194
v 0.32480281920043785 -0.18036503792790484 0.17633557568774194
v 0.3927050983124842 -0.1426584774442731 0.17633557568774194
v 0.4434442802201417 -0.09871705694500188 0.17633557568774194
v 0.4748028192004377 -0.05046122736023902 0.17633557568774194
v 0.4854101966249684 -2.750110350293713e-16 0.17633557568774194
v 0.5346039145130207 0.0 0.13619714992186405
v 0.5229215363238118 0.0555752018920975 0.13619714992186405
v 0.4883849777413234 0.10872150078210403 0.13619714992186405
v 0.43250365210040537 0.1571161483842898 0.13619714992186405
v 0.35771984147991676 0.19864406637515525 0.13619714992186405
v 0.2673019572565104 0.23149028546544012 0.13619714992186405
v 0.165201694843895 0.2542192682672528 0.13619714992186405
v 0.05588132564091803 0.26583764916639385 0.13619714992186405
v -0.05588132564091797 0.26583764916639385 0.13619714992186405
v -0.16520169484389494 0.2542192682672528 0.13619714992186405
v -0.26730195725651024 0.23149028546544015 0.13619714992186405
v -0.3577198414799166 0.19864406637515533 0.13619714992186405
v -0.4325036521004053 0.15711614838428983 0.13619714992186405
v -0.48838497774132344 0.108721500782104 0.13619714992186405
v -0.5229215363238118 0.0555752018920975 0.13619714992186405
v -0.5346039145130207 1.514409636254197e-16 0.13619714992186405
v -0.5229215363238118 -0.05557520189209743 0.13619714992186405
v -0.4883849777413234 -0.10872150078210405 0.13619714992186405
v -0.4325036521004054 -0.15711614838428978 0.13619714992186405
v -0.35771984147991687 -0.19864406637515522 0.13619714992186405
v -0.26730195725651057 -0.23149028546544007 0.13619714992186405
v -0.16520169484389507 -0.2542192682672528 0.13619714992186405
v -0.055881325640918446 -0.26583764916639385 0.13619714992186405
v 0.05588132564091778 -0.26583764916639385 0.13619714992186405
v 0.16520169484389488 -0.2542192682672528 0.13619714992186405
v 0.2673019572565104 -0.23149028546544012 0.13619714992186405
v 0.35771984147991687 -0.19864406637515522 0.13619714992186405
v 0.4325036521004053 -0.15711614838428986 0.13619714992186405
v 0.48838497774132344 -0.10872150078210403 0.13619714992186405
v 0.5229215363238118 -0.05557520189209741 0.13619714992186405
v 0.5346039145130207 -3.028819272508394e-16 0.13619714992186405
v 0.570633909777092 0.0 0.09270509831248423
v 0.5581641897458135 0.05932073050985196 0.09270509831248423
v 0.5213000162537001 0.11604886044397672 0.09270509831248423
v 0.46165253057628797 0.1677050983124842 0.09270509831248423
v 0.3818286140580716 0.21203181864639006 0.09270509831248423
v 0.2853169548885461 0.24709173106389953 0.09270509831248423
v 0.1763355756877419 0.2713525491562421 0.09270509831248423
v 0.059647485677412244 0.2837539587564609 0.09270509831248423
v -0.059647485677412175 0.283753958756461 0.09270509831248423
v -0.17633557568774186 0.2713525491562421 0.09270509831248423
v -0.2853169548885459 0.24709173106389956 0.09270509831248423
v -0.3818286140580714 0.21203181864639017 0.09270509831248423
v -0.4616525305762879 0.16770509831248423 0.09270509831248423
v -0.5213000162537003 0.11604886044397669 0.09270509831248423
v -0.5581641897458135 0.05932073050985196 0.09270509831248423
v -0.570633909777092 1.6164743060795313e-16 0.09270509831248423
v -0.5581641897458135 -0.05932073050985189 0.09270509831248423
v -0.5213000162537001 -0.11604886044397673 0.09270509831248423
v -0.461652530576288 -0.16770509831248417 0.09270509831248423
v -0.3818286140580717 -0.21203181864639004 0.09270509831248423
v -0.2853169548885463 -0.24709173106389945 0.09270509831248423
v -0.176335575687742 -0.2713525491562421 0.09270509831248423
v -0.05964748567741269 -0.2837539587564609 0.09270509831248423
v 0.059647485677411974 -0.283753958756461 0.09270509831248423
v 0.1763355756877418 -0.2713525491562421 0.09270509831248423
v 0.2853169548885461 -0.24709173106389953 0.09270509831248423
v 0.3818286140580717 -0.21203181864639004 0.09270509831248423
v 0.4616525305762879 -0.16770509831248426 0.09270509831248423
v 0.5213000162537003 -0.11604886044397672 0.09270509831248423
v 0.5581641897458135 -0.05932073050985187 0.09270509831248423
v 0.570633909777092 -3.2329486121590626e-16 0.09270509831248423
v 0.5926130043570826 0.0 0.04693033951206928
v 0.5796629883755328 0.06160558586823661 0.04693033951206928
v 0.5413789182703477 0.12051871201763216 0.04693033951206928
v 0.47943399161247463 0.17416459213891414 0.04693033951206928
v 0.3965354989415994 0.2201986438492892 0.04693033951206928
v 0.2963065021785414 0.2566089581931259 0.04693033951206928
v 0.1831274894339333 0.28180422971752583 0.04693033951206928
v 0.06194492665787307 0.2946833041565463 0.04693033951206928
v -0.061944926657872997 0.29468330415654637 0.04693033951206928
v -0.18312748943393325 0.28180422971752583 0.04693033951206928
v -0.2963065021785412 0.2566089581931259 0.04693033951206928
v -0.39653549894159923 0.2201986438492893 0.04693033951206928
v -0.4794339916124746 0.1741645921389142 0.04693033951206928
v -0.5413789182703478 0.12051871201763213 0.04693033951206928
v -0.5796629883755328 0.06160558586823661 0.04693033951206928
v -0.5926130043570826 1.6787360137185416e-16 0.04693033951206928
v -0.5796629883755328 -0.061605585868236536 0.04693033951206928
v -0.5413789182703477 -0.12051871201763217 0.04693033951206928
v -0.4794339916124747 -0.1741645921389141 0.04693033951206928
v -0.39653549894159956 -0.22019864384928917 0.04693033951206928
v -0.2963065021785416 -0.2566089581931258 0.04693033951206928
v -0.1831274894339334 -0.28180422971752583 0.04693033951206928
v -0.06194492665787353 -0.2946833041565463 0.04693033951206928
v 0.06194492665787279 -0.29468330415654637 0.04693033951206928
v 0.18312748943393317 -0.28180422971752583 0.04693033951206928
v 0.2963065021785414 -0.2566089581931259 0.04693033951206928
v 0.39653549894159956 -0.22019864384928917 0.04693033951206928
v 0.4794339916124746 -0.17416459213891422 0.04693033951206928
v 0.5413789182703478 -0.12051871201763216 0.04693033951206928
v 0.5796629883755328 -0.06160558586823651 0.04693033951206928
v 0.5926130043570826 -3.357472027437083e-16 0.04693033951206928
v 0.6 0.0 1.8369701987210297e-17
v 0.5868885604402834 0.062373507245327794 1.8369701987210297e-17
v 0.5481272745855605 0.12202099292274005 1.8369701987210297e-17
v 0.4854101966249684 0.17633557568774194 1.8369701987210297e-17
v 0.40147836381531493 0.22294344764321825 1.8369701987210297e-17
v 0.30000000000000004 0.25980762113533157 1.8369701987210297e-17
v 0.18541019662496847 0.285316954888546 1.8369701987210297e-17
v 0.06271707796059207 0.298356568610482 1.8369701987210297e-17
v -0.06271707796059199 0.298356568610482 1.8369701987210297e-17
v -0.1854101966249684 0.2853169548885461 1.8369701987210297e-17
v -0.2999999999999999 0.2598076211353316 1.8369701987210297e-17
v -0.4014783638153147 0.22294344764321833 1.8369701987210297e-17
v -0.48541019662496837 0.17633557568774197 1.8369701987210297e-17
v -0.5481272745855605 0.12202099292274 1.8369701987210297e-17
v -0.5868885604402834 0.062373507245327794 1.8369701987210297e-17
v -0.6 1.699661669294394e-16 1.8369701987210297e-17
v -0.5868885604402834 -0.06237350724532772 1.8369701987210297e-17
v -0.5481272745855605 -0.12202099292274006 1.8369701987210297e-17
v -0.48541019662496854 -0.1763355756877419 1.8369701987210297e-17
v -0.40147836381531504 -0.2229434476432182 1.8369701987210297e-17
v -0.30000000000000027 -0.2598076211353315 1.8369701987210297e-17
v -0.18541019662496852 -0.285316954888546 1.8369701987210297e-17
v -0.06271707796059253 -0.298356568610482 1.8369701987210297e-17
v 0.06271707796059178 -0.298356568610482 1.8369701987210297e-17
v 0.18541019662496833 -0.2853169548885461 1.8369701987210297e-17
v 0.30000000000000004 -0.25980762113533157 1.8369701987210297e-17
v 0.40147836381531504 -0.2229434476432182 1.8369701987210297e-17
v 0.48541019662496837 -0.176335575687742 1.8369701987210297e-17
v 0.5481272745855605 -0.12202099292274005 1.8369701987210297e-17
v 0.5868885604402834 -0.06237350724532769 1.8369701987210297e-17
v 0.6 -3.399323338588788e-16 1.8369701987210297e-17
v 0.5926130043570826 0.0 -0.04693033951206917
v 0.5796629883755328 0.06160558586823661 -0.04693033951206917
v 0.5413789182703477 0.12051871201763216 -0.04693033951206917
v 0.47943399161247463 0.17416459213891414 -0.04693033951206917
v 0.3965354989415994 0.2201986438492892 -0.04693033951206917
v 0.2963065021785414 0.2566089581931259 -0.04693033951206917
v 0.1831274894339333 0.28180422971752583 -0.04693033951206917
v 0.06194492665787307 0.2946833041565463 -0.04693033951206917
v -0.061944926657872997 0.29468330415654637 -0.04693033951206917
v -0.18312748943393325 0.28180422971752583 -0.04693033951206917
v -0.2963065021785412 0.2566089581931259 -0.04693033951206917
v -0.39653549894159923 0.2201986438492893 -0.04693033951206917
v -0.4794339916124746 0.1741645921389142 -0.04693033951206917
v -0.5413789182703478 0.12051871201763213 -0.04693033951206917
v -0.5796629883755328 0.06160558586823661 -0.04693033951206917
v -0.5926130043570826 1.6787360137185416e-16 -0.04693033951206917
v -0.5796629883755328 -0.061605585868236536 -0.04693033951206917
v -0.5413789182703477 -0.12051871201763217 -0.04693033951206917
v -0.4794339916124747 -0.1741645921389141 -0.04693033951206917
v -0.39653549894159956 -0.22019864384928917 -0.04693033951206917
v -0.2963065021785416 -0.2566089581931258 -0.04693033951206917
v -0.1831274894339334 -0.28180422971752583 -0.04693033951206917
v -0.06194492665787353 -0.2946833041565463 -0.04693033951206917
v 0.06194492665787279 -0.29468330415654637 -0.04693033951206917
v 0.18312748943393317 -0.28180422971752583 -0.04693033951206917
v 0.2963065021785414 -0.2566089581931259 -0.04693033951206917
v 0.39653549894159956 -0.22019864384928917 -0.04693033951206917
v 0.4794339916124746 -0.17416459213891422 -0.04693033951206917
v 0.5413789182703478 -0.12051871201763216 -0.04693033951206917
v 0.5796629883755328 -0.06160558586823651 -0.04693033951206917
v 0.5926130043570826 -3.357472027437083e-16 -0.04693033951206917
v 0.5706339097770922 0.0 -0.0927050983124842
v 0.5581641897458136 0.059320730509851975 -0.0927050983124842
v 0.5213000162537003 0.11604886044397675 -0.0927050983124842
v 0.461652530576288 0.16770509831248423 -0.0927050983124842
v 0.38182861405807167 0.21203181864639012 -0.0927050983124842
v 0.28531695488854614 0.24709173106389956 -0.0927050983124842
v 0.17633557568774197 0.27135254915624213 -0.0927050983124842
v 0.05964748567741226 0.283753958756461 -0.0927050983124842
v -0.05964748567741218 0.28375395875646103 -0.0927050983124842
v -0.17633557568774189 0.27135254915624213 -0.0927050983124842
v -0.28531695488854597 0.24709173106389962 -0.0927050983124842
v -0.3818286140580715 0.2120318186463902 -0.0927050983124842
v -0.46165253057628797 0.16770509831248426 -0.0927050983124842
v -0.5213000162537004 0.1160488604439767 -0.0927050983124842
v -0.5581641897458136 0.059320730509851975 -0.0927050983124842
v -0.5706339097770922 1.6164743060795318e-16 -0.0927050983124842
v -0.5581641897458136 -0.059320730509851906 -0.0927050983124842
v -0.5213000162537003 -0.11604886044397676 -0.0927050983124842
v -0.4616525305762881 -0.1677050983124842 -0.0927050983124842
v -0.38182861405807184 -0.2120318186463901 -0.0927050983124842
v -0.28531695488854636 -0.2470917310638995 -0.0927050983124842
v -0.17633557568774202 -0.27135254915624213 -0.0927050983124842
v -0.059647485677412695 -0.283753958756461 -0.0927050983124842
v 0.05964748567741199 -0.28375395875646103 -0.0927050983124842
v 0.17633557568774183 -0.27135254915624213 -0.0927050983124842
v 0.28531695488854614 -0.24709173106389956 -0.0927050983124842
v 0.38182861405807184 -0.2120318186463901 -0.0927050983124842
v 0.46165253057628797 -0.16770509831248429 -0.0927050983124842
v 0.5213000162537004 -0.11604886044397675 -0.0927050983124842
v 0.5581641897458136 -0.05932073050985188 -0.0927050983124842
v 0.5706339097770922 -3.2329486121590635e-16 -0.0927050983124842
v 0.5346039145130207 0.0 -0.136197149921864
v 0.5229215363238118 0.0555752018920975 -0.136197149921864
v 0.4883849777413234 0.10872150078210403 -0.136197149921864
v 0.43250365210040537 0.1571161483842898 -0.136197149921864
v 0.35771984147991676 0.19864406637515525 -0.136197149921864
v 0.2673019572565104 0.23149028546544012 -0.136197149921864
v 0.165201694843895 0.2542192682672528 -0.136197149921864
v 0.05588132564091803 0.26583764916639385 -0.136197149921864
v -0.05588132564091797 0.26583764916639385 -0.136197149921864
v -0.16520169484389494 0.2542192682672528 -0.136197149921864
v -0.26730195725651024 0.23149028546544015 -0.136197149921864
v -0.3577198414799166 0.19864406637515533 -0.136197149921864
v -0.4325036521004053 0.15711614838428983 -0.136197149921864
v -0.48838497774132344 0.108721500782104 -0.136197149921864
v -0.5229215363238118 0.0555752018920975 -0.136197149921864
v -0.5346039145130207 1.514409636254197e-16 -0.136197149921864
v -0.5229215363238118 -0.05557520189209743 -0.136197149921864
v -0.4883849777413234 -0.10872150078210405 -0.136197149921864
v -0.4325036521004054 -0.15711614838428978 -0.136197149921864
v -0.35771984147991687 -0.19864406637515522 -0.136197149921864
v -0.26730195725651057 -0.23149028546544007 -0.136197149921864
v -0.16520169484389507 -0.2542192682672528 -0.136197149921864
v -0.055881325640918446 -0.26583764916639385 -0.136197149921864
v 0.05588132564091778 -0.26583764916639385 -0.136197149921864
v 0.16520169484389488 -0.2542192682672528 -0.136197149921864
v 0.2673019572565104 -0.23149028546544012 -0.136197149921864
v 0.35771984147991687 -0.19864406637515522 -0.136197149921864
v 0.4325036521004053 -0.15711614838428986 -0.136197149921864
v 0.48838497774132344 -0.10872150078210403 -0.136197149921864
v 0.5229215363238118 -0.05557520189209741 -0.136197149921864
v 0.5346039145130207 -3.028819272508394e-16 -0.136197149921864
v 0.4854101966249684 0.0 -0.1763355756877419
v 0.4748028192004377 0.05046122736023909 -0.1763355756877419
v 0.44344428022014165 0.09871705694500188 -0.1763355756877419
v 0.39270509831248424 0.14265847744427304 -0.1763355756877419
v 0.32480281920043774 0.18036503792790487 -0.1763355756877419
v 0.24270509831248427 0.21018878076661102 -0.1763355756877419
v 0.15 0.23082626528814398 -0.1763355756877419
v 0.05073918190765746 0.24137553438927492 -0.1763355756877419
v -0.050739181907657395 0.24137553438927492 -0.1763355756877419
v -0.14999999999999994 0.230826265288144 -0.1763355756877419
v -0.2427050983124841 0.21018878076661104 -0.1763355756877419
v -0.3248028192004376 0.18036503792790495 -0.1763355756877419
v -0.3927050983124842 0.14265847744427307 -0.1763355756877419
v -0.4434442802201417 0.09871705694500185 -0.1763355756877419
v -0.4748028192004377 0.05046122736023909 -0.1763355756877419
v -0.4854101966249684 1.3750551751468564e-16 -0.1763355756877419
v -0.4748028192004377 -0.05046122736023904 -0.1763355756877419
v -0.44344428022014165 -0.0987170569450019 -0.1763355756877419
v -0.3927050983124843 -0.142658477444273 -0.1763355756877419
v -0.32480281920043785 -0.18036503792790484 -0.1763355756877419
v -0.24270509831248444 -0.21018878076661096 -0.1763355756877419
v -0.15000000000000005 -0.23082626528814398 -0.1763355756877419
v -0.05073918190765783 -0.24137553438927492 -0.1763355756877419
v 0.05073918190765723 -0.24137553438927492 -0.1763355756877419
v 0.14999999999999988 -0.230826265288144 -0.1763355756877419
v 0.24270509831248427 -0.21018878076661102 -0.1763355756877419
v 0.32480281920043785 -0.18036503792790484 -0.1763355756877419
v 0.3927050983124842 -0.1426584774442731 -0.1763355756877419
v 0.4434442802201417 -0.09871705694500188 -0.1763355756877419
v 0.4748028192004377 -0.05046122736023902 -0.1763355756877419
v 0.4854101966249684 -2.750110350293713e-16 -0.1763355756877419
v 0.4242640687119285 0.0 -0.21213203435596423
v 0.41499288088813535 0.04410472993955954 -0.21213203435596423
v 0.3875845128127506 0.08628187154278522 -0.21213203435596423
v 0.3432368416906106 0.12468808133323603 -0.21213203435596423
v 0.283888073553489 0.15764482364962762 -0.21213203435596423
v 0.2121320343559643 0.18371173070873834 -0.21213203435596423
v 0.13110480733464633 0.2017495535891872 -0.21213203435596423
v 0.04434767112214002 0.21096995287602124 -0.21213203435596423
v -0.04434767112213997 0.21096995287602127 -0.21213203435596423
v -0.13110480733464627 0.2017495535891872 -0.21213203435596423
v -0.21213203435596417 0.18371173070873836 -0.21213203435596423
v -0.2838880735534889 0.1576448236496277 -0.21213203435596423
v -0.34323684169061053 0.12468808133323606 -0.21213203435596423
v -0.38758451281275064 0.08628187154278519 -0.21213203435596423
v -0.41499288088813535 0.04410472993955954 -0.21213203435596423
v -0.4242640687119285 1.201842292080913e-16 -0.21213203435596423
v -0.41499288088813535 -0.04410472993955948 -0.21213203435596423
v -0.3875845128127506 -0.08628187154278522 -0.21213203435596423
v -0.34323684169061064 -0.124688081333236 -0.21213203435596423
v -0.2838880735534891 -0.15764482364962762 -0.21213203435596423
v -0.21213203435596445 -0.1837117307087383 -0.21213203435596423
v -0.13110480733464638 -0.2017495535891872 -0.21213203435596423
v -0.04434767112214035 -0.21096995287602124 -0.21213203435596423
v 0.044347671122139824 -0.21096995287602127 -0.21213203435596423
v 0.13110480733464625 -0.2017495535891872 -0.21213203435596423
v 0.2121320343559643 -0.18371173070873834 -0.21213203435596423
v 0.2838880735534891 -0.15764482364962762 -0.21213203435596423
v 0.34323684169061053 -0.12468808133323607 -0.21213203435596423
v 0.38758451281275064 -0.08628187154278522 -0.21213203435596423
v 0.41499288088813535 -0.04410472993955947 -0.21213203435596423
v 0.4242640687119285 -2.403684584161826e-16 -0.21213203435596423
v 0.35267115137548394 0.0 -0.24270509831248419
v 0.34496444056595843 0.0366622276925614 -0.24270509831248419
v 0.32218112838065943 0.07172214011007084 -0.24270509831248419
v 0.28531695488854614 0.1036474508437579 -0.24270509831248419
v 0.23598306136515426 0.13104287061992284 -0.24270509831248419
v 0.176335575687742 0.15271108813653816 -0.24270509831248419
v 0.10898137920080415 0.16770509831248426 -0.24270509831248419
v 0.03686417349211332 0.17536959095382876 -0.24270509831248419
v -0.03686417349211328 0.17536959095382879 -0.24270509831248419
v -0.10898137920080413 0.16770509831248426 -0.24270509831248419
v -0.17633557568774189 0.1527110881365382 -0.24270509831248419
v -0.23598306136515412 0.1310428706199229 -0.24270509831248419
v -0.2853169548885461 0.10364745084375793 -0.24270509831248419
v -0.3221811283806595 0.07172214011007083 -0.24270509831248419
v -0.34496444056595843 0.0366622276925614 -0.24270509831248419
v -0.35267115137548394 9.990360630980515e-17 -0.24270509831248419
v -0.34496444056595843 -0.03666222769256136 -0.24270509831248419
v -0.32218112838065943 -0.07172214011007086 -0.24270509831248419
v -0.2853169548885462 -0.10364745084375789 -0.24270509831248419
v -0.23598306136515432 -0.1310428706199228 -0.24270509831248419
v -0.17633557568774214 -0.15271108813653814 -0.24270509831248419
v -0.1089813792008042 -0.16770509831248426 -0.24270509831248419
v -0.0368641734921136 -0.17536959095382876 -0.24270509831248419
v 0.036864173492113156 -0.17536959095382879 -0.24270509831248419
v 0.10898137920080408 -0.16770509831248426 -0.24270509831248419
v 0.176335575687742 -0.15271108813653816 -0.24270509831248419
v 0.23598306136515432 -0.1310428706199228 -0.24270509831248419
v 0.2853169548885461 -0.10364745084375794 -0.24270509831248419
v 0.3221811283806595 -0.07172214011007084 -0.24270509831248419
v 0.34496444056595843 -0.03666222769256135 -0.24270509831248419
v 0.35267115137548394 -1.998072126196103e-16 -0.24270509831248419
v 0.2723942998437281 0.0 -0.26730195725651035
v 0.2664418308457075 0.02831697972481461 -0.26730195725651035
v 0.24884457530997442 0.05539637155571046 -0.26730195725651035
v 0.2203716177444411 0.08005467612833865 -0.26730195725651035
v 0.18226736302313043 0.10121420720920214 -0.26730195725651035
v 0.13619714992186407 0.11795019175537202 -0.26730195725651035
v 0.08417446782257708 0.12953118693401677 -0.26730195725651035
v 0.028472957565533315 0.13545104768404911 -0.26730195725651035
v -0.02847295756553328 0.13545104768404911 -0.26730195725651035
v -0.08417446782257704 0.12953118693401677 -0.26730195725651035
v -0.136197149921864 0.11795019175537205 -0.26730195725651035
v -0.18226736302313032 0.10121420720920218 -0.26730195725651035
v -0.22037161774444108 0.08005467612833866 -0.26730195725651035
v -0.24884457530997445 0.05539637155571044 -0.26730195725651035
v -0.2664418308457075 0.02831697972481461 -0.26730195725651035
v -0.2723942998437281 7.716302506311143e-17 -0.26730195725651035
v -0.2664418308457075 -0.028316979724814575 -0.26730195725651035
v -0.24884457530997442 -0.05539637155571047 -0.26730195725651035
v -0.22037161774444114 -0.08005467612833864 -0.26730195725651035
v -0.18226736302313049 -0.10121420720920213 -0.26730195725651035
v -0.13619714992186416 -0.117950191755372 -0.26730195725651035
v -0.0841744678225771 -0.12953118693401677 -0.26730195725651035
v -0.028472957565533526 -0.13545104768404911 -0.26730195725651035
v 0.028472957565533186 -0.13545104768404911 -0.26730195725651035
v 0.08417446782257701 -0.12953118693401677 -0.26730195725651035
v 0.13619714992186407 -0.11795019175537202 -0.26730195725651035
v 0.18226736302313049 -0.10121420720920213 -0.26730195725651035
v 0.22037161774444108 -0.08005467612833868 -0.26730195725651035
v 0.24884457530997445 -0.05539637155571046 -0.26730195725651035
v 0.2664418308457075 -0.028316979724814565 -0.26730195725651035
v 0.2723942998437281 -1.5432605012622285e-16 -0.26730195725651035
v 0.1854101966249685 0.0 -0.285316954888546
v 0.18135853898029608 0.019274473737575206 -0.285316954888546
v 0.16938064292736146 0.03770656048363187 -0.285316954888546
v 0.15000000000000005 0.05449068960040208 -0.285316954888546
v 0.1240636372927803 0.06889331410629577 -0.285316954888546
v 0.09270509831248426 0.08028497019894525 -0.285316954888546
v 0.05729490168751579 0.08816778784387098 -0.285316954888546
v 0.019380642927361424 0.09219725008403394 -0.285316954888546
v -0.0193806429273614 0.09219725008403395 -0.285316954888546
v -0.05729490168751577 0.088167787843871 -0.285316954888546
v -0.0927050983124842 0.08028497019894526 -0.285316954888546
v -0.12406363729278023 0.0688933141062958 -0.285316954888546
v -0.15000000000000002 0.05449068960040209 -0.285316954888546
v -0.16938064292736146 0.03770656048363186 -0.285316954888546
v -0.18135853898029608 0.019274473737575206 -0.285316954888546
v -0.1854101966249685 5.2522434049965956e-17 -0.285316954888546
v -0.18135853898029608 -0.019274473737575182 -0.285316954888546
v -0.16938064292736146 -0.03770656048363187 -0.285316954888546
v -0.15000000000000005 -0.05449068960040207 -0.285316954888546
v -0.12406363729278035 -0.06889331410629576 -0.285316954888546
v -0.09270509831248433 -0.08028497019894523 -0.285316954888546
v -0.05729490168751581 -0.08816778784387098 -0.285316954888546
v -0.01938064292736157 -0.09219725008403394 -0.285316954888546
v 0.019380642927361337 -0.09219725008403395 -0.285316954888546
v 0.05729490168751575 -0.088167787843871 -0.285316954888546
v 0.09270509831248426 -0.08028497019894525 -0.285316954888546
v 0.12406363729278035 -0.06889331410629576 -0.285316954888546
v 0.15000000000000002 -0.0544906896004021 -0.285316954888546
v 0.16938064292736146 -0.03770656048363187 -0.285316954888546
v 0.18135853898029608 -0.019274473737575175 -0.285316954888546
v 0.1854101966249685 -1.0504486809993191e-16 -0.285316954888546
v 0.09386067902413858 0.0 -0.29630650217854126
v 0.091809597990707 0.009757366238605824 -0.29630650217854126
v 0.08574599697375195 0.01908828875154665 -0.29630650217854126
v 0.07593488443410028 0.02758496145027307 -0.29630650217854126
v 0.06280505306867602 0.034876038966291587 -0.29630650217854126
v 0.046930339512069305 0.0406428662256806 -0.29630650217854126
v 0.02900454492203098 0.04463340520489741 -0.29630650217854126
v 0.009811112539651681 0.04667325020181972 -0.29630650217854126
v -0.00981111253965167 0.04667325020181972 -0.29630650217854126
v -0.02900454492203097 0.04463340520489742 -0.29630650217854126
v -0.04693033951206927 0.040642866225680606 -0.29630650217854126
v -0.06280505306867598 0.0348760389662916 -0.29630650217854126
v -0.07593488443410026 0.027584961450273074 -0.29630650217854126
v -0.08574599697375196 0.019088288751546643 -0.29630650217854126
v -0.091809597990707 0.009757366238605824 -0.29630650217854126
v -0.09386067902413858 2.658856639854545e-17 -0.29630650217854126
v -0.091809597990707 -0.009757366238605812 -0.29630650217854126
v -0.08574599697375195 -0.01908828875154665 -0.29630650217854126
v -0.07593488443410028 -0.027584961450273063 -0.29630650217854126
v -0.06280505306867604 -0.03487603896629158 -0.29630650217854126
v -0.04693033951206933 -0.04064286622568059 -0.29630650217854126
v -0.02900454492203099 -0.04463340520489741 -0.29630650217854126
v -0.009811112539651754 -0.04667325020181972 -0.29630650217854126
v 0.009811112539651636 -0.04667325020181972 -0.29630650217854126
v 0.02900454492203096 -0.04463340520489742 -0.29630650217854126
v 0.046930339512069305 -0.0406428662256806 -0.29630650217854126
v 0.06280505306867604 -0.03487603896629158 -0.29630650217854126
v 0.07593488443410026 -0.02758496145027308 -0.29630650217854126
v 0.08574599697375196 -0.01908828875154665 -0.29630650217854126
v 0.091809597990707 -0.009757366238605809 -0.29630650217854126
v 0.09386067902413858 -5.31771327970909e-17 -0.29630650217854126
v 7.347880794884119e-17 0.0 -0.3
v 7.18731196999391e-17 7.638551599958493e-18 -0.3
v 6.712623123465691e-17 1.4943261841161544e-17 -0.3
v 5.94456043570255e-17 2.15948798341799e-17 -0.3
v 4.91669193173342e-17 2.7302697954714275e-17 -0.3
v 3.67394039744206e-17 3.1817257161747204e-17 -0.3
v 2.27062003826049e-17 3.494124955467277e-17 -0.3
v 7.680626877631409e-18 3.6538141675341443e-17 -0.3
v -7.6806268776314e-18 3.653814167534145e-17 -0.3
v -2.2706200382604895e-17 3.4941249554672775e-17 -0.3
v -3.6739403974420576e-17 3.181725716174721e-17 -0.3
v -4.9166919317334175e-17 2.7302697954714287e-17 -0.3
v -5.944560435702548e-17 2.1594879834179903e-17 -0.3
v -6.712623123465691e-17 1.4943261841161538e-17 -0.3
v -7.18731196999391e-17 7.638551599958493e-18 -0.3
v -7.347880794884119e-17 2.0814852229348265e-32 -0.3
v -7.18731196999391e-17 -7.638551599958484e-18 -0.3
v -6.712623123465691e-17 -1.4943261841161544e-17 -0.3
v -5.944560435702551e-17 -2.1594879834179897e-17 -0.3
v -4.916691931733421e-17 -2.730269795471427e-17 -0.3
v -3.6739403974420626e-17 -3.18172571617472e-17 -0.3
v -2.270620038260491e-17 -3.494124955467277e-17 -0.3
v -7.680626877631466e-18 -3.6538141675341443e-17 -0.3
v 7.680626877631374e-18 -3.653814167534145e-17 -0.3
v 2.2706200382604885e-17 -3.4941249554672775e-17 -0.3
v 3.67394039744206e-17 -3.1817257161747204e-17 -0.3
v 4.916691931733421e-17 -2.730269795471427e-17 -0.3
v 5.944560435702548e-17 -2.159487983417991e-17 -0.3
v 6.712623123465691e-17 -1.4943261841161544e-17 -0.3
v 7.18731196999391e-17 -7.63855159995848e-18 -0.3
v 7.347880794884119e-17 -4.162970445869653e-32 -0.3
f 1 2 32
f 2 33 32
f 2 3 33
f 3 34 33
f 3 4 34
f 4 35 34
f 4 5 35
f 5 36 35
f 5 6 36
f 6 37 36
f 6 7 37
f 7 38 37
f 7 8 38
f 8 39 38
f 8 9 39
f 9 40 39
f 9 10 40
f 10 41 40
f 10 11 41
f 11 42 41
f 11 12 42
f 12 43 42
f 12 13 43
f 13 44 43
f 13 14 44
f 14 45 44
f 14 15 45
f 15 46 45
f 15 16 46
f 16 47 46
f 16 17 47
f 17 48 47
f 17 18 48
f 18 49 48
f 18 19 49
f 19 50 49
f 19 20 50
f 20 51 50
f 20 21 51
f 21 52 51
f 21 22 52
f 22 53 52
f 22 23 53
f 23 54 53
f 23 24 54
f 24 55 54
f 24 25 55
f 25 56 55
f 25 26 56
f 26 57 56
f 26 27 57
f 27 58 57
f 27 28 58
f 28 59 58
f 28 29 59
f 29 60 59
f 29 30 60
f 30 61 60
f 30 31 61
f 31 62 61
f 32 33 63
f 33 64 63
f 33 34 64
f 34 65 64
f 34 35 65
f 35 66 65
f 35 36 66
f 36 67 66
f 36 37 67
f 37 68 67
f 37 38 68
f 38 69 68
f 38 39 69
f 39 70 69
f 39 40 70
f 40 71 70
f 40 41 71
f 41 72 71
f 41 42 72
f 42 73 72
f 42 43 73
f 43 74 73
f 43 44 74
f 44 75 74
f 44 45 75
f 45 76 75
f 45 46 76
f 46 77 76
f 46 47 77
f 47 78 77
f 47 48 78
f 48 79 78
f 48 49 79
f 49 80 79
f 49 50 80
f 50 81 80
f 50 51 81
f 51 82 81
f 51 52 82
f 52 83 82
f 52 53 83
f 53 84 83
f 53 54 84
f 54 85 84
f 54 55 85
f 55 86 85
f 55 56 86
f 56 87 86
f 56 57 87
f 57 88 87
f 57 58 88
f 58 89 88
f 58 59 89
f 59 90 89
f 59 60 90
f 60 91 90
f 60 61 91
f 61 92 91
f 61 62 92
f 62 93 92
f 63 64 94
f 64 95 94
f 64 65 95
f 65 96 95
f 65 66 96
f 66 97 96
f 66 67 97
f 67 98 97
f 67 68 98
f 68 99 98
f 68 69 99
f 69 100 99
f 69 70 100
f 70 101 100
f 70 71 101
f 71 102 101
f 71 72 102
f 72 103 102
f 72 73 103
f 73 104 103
f 73 74 104
f 74 105 104
f 74 75 105
f 75 106 105
f 75 76 106
f 76 107 106
f 76 77 107
f 77 108 107
f 77 78 108
f 78 109 108
f 78 79 109
f 79 110 109
f 79 80 110
f 80 111 110
f 80 81 111
f 81 112 111
f 81 82 112
f 82 113 112
f 82 83 113
f 83 114 113
f 83 84 114
f 84 115 114
f 84 85 115
f 85 116 115
f 85 86 116
f 86 117 116
f 86 87 117
f 87 118 117
f 87 88 118
f 88 119 118
f 88 89 119
f 89 120 119
f 89 90 120
f 90 121 120
f 90 91 121
f 91 122 121
f 91 92 122
f 92 123 122
f 92 93 123
f 93 124 123
f 94 95 125
f 95 126 125
f 95 96 126
f 96 127 126
f 96 97 127
f 97 128 127
f 97 98 128
f 98 129 128
f 98 99 129
f 99 130 129
f 99 100 130
f 100 131 130
f 100 101 131
f 101 132 131
f 101 102 132
f 102 133 132
f 102 103 133
f 103 134 133
f 103 104 134
f 104 135 134
f 104 105 135
f 105 136 135
f 105 106 136
f 106 137 136
f 106 107 137
f 107 138 137
f 107 108 138
f 108 139 138
f 108 109 139
f 109 140 139
f 109 110 140
f 110 141 140
f 110 111 141
f 111 142 141
f 111 112 142
f 112 143 142
f 112 113 143
f 113 144 143
f 113 114 144
f 114 145 144
f 114 115 145
f 115 146 145
f 115 116 146
f 116 147 146
f 116 117 147
f 117 148 147
f 117 118 148
f 118 149 148
f 118 119 149
f 119 150 149
f 119 120 150
f 120 151 150
f 120 121 151
f 121 152 151
f 121 122 152
f 122 153 152
f 122 123 153
f 123 154 153
f 123 124 154
f 124 155 154
f 125 126 156
f 126 157 156
f 126 127 157
f 127 158 157
f 127 128 158
f 128 159 158
f 128 129 159
f 129 160 159
f 129 130 160
f 130 161 160
f 130 131 161
f 131 162 161
f 131 132 162
f 132 163 162
f 132 133 163
f 133 164 163
f 133 134 164
f 134 165 164
f 134 135 165
f 135 166 165
f 135 136 166
f 136 167 166
f 136 137 167
f 137 168 167
f 137 138 168
f 138 169 168
f 138 139 169
f 139 170 169
f 139 140 170
f 140 171 170
f 140 141 171
f 141 172 171
f 141 142 172
f 142 173 172
f 142 143 173
f 143 174 173
f 143 144 174
f 144 175 174
f 144 145 175
f 145 176 175
f 145 146 176
f 146 177 176
f 146 147 177
f 147 178 177
f 147 148 178
f 148 179 178
f 148 149 179
f 149 180 179
f 149 150 180
f 150 181 180
f 150 151 181
f 151 182 181
f 151 152 182
f 152 183 182
f 152 153 183
f 153 184 183
f 153 154 184
f 154 185 184
f 154 155 185
f 155 186 185
f 156 157 187
f 157 188 187
f 157 158 188
f 158 189 188
f 158 159 189
f 159 190 189
f 159 160 190
f 160 191 190
f 160 161 191
f 161 192 191
f 161 162 192
f 162 193 192
f 162 163 193
f 163 194 193
f 163 164 194
f 164 195 194
f 164 165 195
f 165 196 195
f 165 166 196
f 166 197 196
f 166 167 197
f 167 198 197
f 167 168 198
f 168 199 198
f 168 169 199
f 169 200 199
f 169 170 200
f 170 201 200
f 170 171 201
f 171 202 201
f 171 172 202
f 172 203 202
f 172 173 203
f 173 204 203
f 173 174 204
f 174 205 204
f 174 175 205
f 175 206 205
f 175 176 206
f 176 207 206
f 176 177 207
f 177 208 207
f 177 178 208
f 178 209 208
f 178 179 209
f 179 210 209
f 179 180 210
f 180 211 210
f 180 181 211
f 181 212 211
f 181 182 212
f 182 213 212
f 182 183 213
f 183 214 213
f 183 184 214
f 184 215 214
f 184 185 215
f 185 216 215
f 185 186 216
f 186 217 216
f 187 188 218
f 188 219 218
f 188 189 219
f 189 220 219
f 189 190 220
f 190 221 220
f 190 191 221
f 191 222 221
f 191 192 222
f 192 223 222
f 192 193 223
f 193 224 223
f 193 194 224
f 194 225 224
f 194 195 225
f 195 226 225
f 195 196 226
f 196 227 226
f 196 197 227
f 197 228 227
f 197 198 228
f 198 229 228
f 198 199 229
f 199 230 229
f 199 200 230
f 200 231 230
f 200 201 231
f 201 232 231
f 201 202 232
f 202 233 232
f 202 203 233
f 203 234 233
f 203 204 234
f 204 235 234
f 204 205 235
f 205 236 235
f 205 206 236
f 206 237 236
f 206 207 237
f 207 238 237
f 207 208 238
f 208 239 238
f 208 209 239
f 209 240 239
f 209 210 240
f 210 241 240
f 210 211 241
f 211 242 241
f 211 212 242
f 212 243 242
f 212 213 243
f 213 244 243
f 213 214 244
f 214 245 244
f 214 215 245
f 215 246 245
f 215 216 246
f 216 247 246
f 216 217 247
f 217 248 247
f 218 219 249
f 219 250 249
f 219 220 250
f 220 251 250
f 220 221 251
f 221 252 251
f 221 222 252
f 222 253 252
f 222 223 253
f 223 254 253
f 223 224 254
f 224 255 254
f 224 225 255
f 225 256 255
f 225 226 256
f 226 257 256
f 226 227 257
f 227 258 257
f 227 228 258
f 228 259 258
f 228 229 259
f 229 260 259
f 229 230 260
f 230 261 260
f 230 231 261
f 231 262 261
f 231 232 262
f 232 263 262
f 232 233 263
f 233 264 263
f 233 234 264
f 234 265 264
f 234 235 265
f 235 266 265
f 235 236 266
f 236 267 266
f 236 237 267
f 237 268 267
f 237 238 268
f 238 269 268
f 238 239 269
f 239 270 269
f 239 240 270
f 240 271 270
f 240 241 271
f 241 272 271
f 241 242 272
f 242 273 272
f 242 243 273
f 243 274 273
f 243 244 274
f 244 275 274
f 244 245 275
f 245 276 275
f 245 246 276
f 246 277 276
f 246 247 277
f 247 278 277
f 247 248 278
f 248 279 278
f 249 250 280
f 250 281 280
f 250 251 281
f 251 282 281
f 251 252 282
f 252 283 282
f 252 253 283
f 253 284 283
f 253 254 284
f 254 285 284
f 254 255 285
f 255 286 285
f 255 256 286
f 256 287 286
f 256 257 287
f 257 288 287
f 257 258 288
f 258 289 288
f 258 259 289
f 259 290 289
f 259 260 290
f 260 291 290
f 260 261 291
f 261 292 291
f 261 262 292
f 262 293 292
f 262 263 293
f 263 294 293
f 263 264 294
f 264 295 294
f 264 265 295
f 265 296 295
f 265 266 296
f 266 297 296
f 266 267 297
f 267 298 297
f 267 268 298
f 268 299 298
f 268 269 299
f 269 300 299
f 269 270 300
f 270 301 300
f 270 271 301
f 271 302 301
f 271 272 302
f 272 303 302
f 272 273 303
f 273 304 303
f 273 274 304
f 274 305 304
f 274 275 305
f 275 306 305
f 275 276 306
f 276 307 306
f 276 277 307
f 277 308 307
f 277 278 308
f 278 309 308
f 278 279 309
f 279 310 309
f 280 281 311
f 281 312 311
f 281 282 312
f 282 313 312
f 282 283 313
f 283 314 313
f 283 284 314
f 284 315 314
f 284 285 315
f 285 316 315
f 285 286 316
f 286 317 316
f 286 287 317
f 287 318 317
f 287 288 318
f 288 319 318
f 288 289 319
f 289 320 319
f 289 290 320
f 290 321 320
f 290 291 321
f 291 322 321
f 291 292 322
f 292 323 322
f 292 293 323
f 293 324 323
f 293 294 324
f 294 325 324
f 294 295 325
f 295 326 325
f 295 296 326
f 296 327 326
f 296 297 327
f 297 328 327
f 297 298 328
f 298 329 328
f 298 299 329
f 299 330 329
f 299 300 330
f 300 331 330
f 300 301 331
f 301 332 331
f 301 302 332
f 302 333 332
f 302 303 333
f 303 334 333
f 303 304 334
f 304 335 334
f 304 305 335
f 305 336 335
f 305 306 336
f 306 337 336
f 306 307 337
f 307 338 337
f 307 308 338
f 308 339 338
f 308 309 339
f 309 340 339
f 309 310 340
f 310 341 340
f 311 312 342
f 312 343 342
f 312 313 343
f 313 344 343
f 313 314 344
f 314 345 344
f 314 315 345
f 315 346 345
f 315 316 346
f 316 347 346
f 316 317 347
f 317 348 347
f 317 318 348
f 318 349 348
f 318 319 349
f 319 350 349
f 319 320 350
f 320 351 350
f 320 321 351
f 321 352 351
f 321 322 352
f 322 353 352
f 322 323 353
f 323 354 353
f 323 324 354
f 324 355 354
f 324 325 355
f 325 356 355
f 325 326 356
f 326 357 356
f 326 327 357
f 327 358 357
f 327 328 358
f 328 359 358
f 328 329 359
f 329 360 359
f 329 330 360
f 330 361 360
f 330 331 361
f 331 362 361
f 331 332 362
f 332 363 362
f 332 333 363
f 333 364 363
f 333 334 364
f 334 365 364
f 334 335 365
f 335 366 365
f 335 336 366
f 336 367 366
f 336 337 367
f 337 368 367
f 337 338 368
f 338 369 368
f 338 339 369
f 339 370 369
f 339 340 370
f 340 371 370
f 340 341 371
f 341 372 371
f 342 343 373
f 343 374 373
f 343 344 374
f 344 375 374
f 344 345 375
f 345 376 375
f 345 346 376
f 346 377 376
f 346 347 377
f 347 378 377
f 347 348 378
f 348 379 378
f 348 349 379
f 349 380 379
f 349 350 380
f 350 381 380
f 350 351 381
f 351 382 381
f 351 352 382
f 352 383 382
f 352 353 383
f 353 384 383
f 353 354 384
f 354 385 384
f 354 355 385
f 355 386 385
f 355 356 386
f 356 387 386
f 356 357 387
f 357 388 387
f 357 358 388
f 358 389 388
f 358 359 389
f 359 390 389
f 359 360 390
f 360 391 390
f 360 361 391
f 361 392 391
f 361 362 392
f 362 393 392
f 362 363 393
f 363 394 393
f 363 364 394
f 364 395 394
f 364 365 395
f 365 396 395
f 365 366 396
f 366 397 396
f 366 367 397
f 367 398 397
f 367 368 398
f 368 399 398
f 368 369 399
f 369 400 399
f 369 370 400
f 370 401 400
f 370 371 401
f 371 402 401
f 371 372 402
f 372 403 402
f 373 374 404
f 374 405 404
f 374 375 405
f 375 406 405
f 375 376 406
f 376 407 406
f 376 377 407
f 377 408 407
f 377 378 408
f 378 409 408
f 378 379 409
f 379 410 409
f 379 380 410
f 380 411 410
f 380 381 411
f 381 412 411
f 381 382 412
f 382 413 412
f 382 383 413
f 383 414 413
f 383 384 414
f 384 415 414
f 384 385 415
f 385 416 415
f 385 386 416
f 386 417 416
f 386 387 417
f 387 418 417
f 387 388 418
f 388 419 418
f 388 389 419
f 389 420 419
f 389 390 420
f 390 421 420
f 390 391 421
f 391 422 421
f 391 392 422
f 392 423 422
f 392 393 423
f 393 424 423
f 393 394 424
f 394 425 424
f 394 395 425
f 395 426 425
f 395 396 426
f 396 427 426
f 396 397 427
f 397 428 427
f 397 398 428
f 398 429 428
f 398 399 429
f 399 430 429
f 399 400 430
f 400 431 430
f 400 401 431
f 401 432 431
f 401 402 432
f 402 433 432
f 402 403 433
f 403 434 433
f 404 405 435
f 405 436 435
f 405 406 436
f 406 437 436
f 406 407 437
f 407 438 437
f 407 408 438
f 408 439 438
f 408 409 439
f 409 440 439
f 409 410 440
f 410 441 440
f 410 411 441
f 411 442 441
f 411 412 442
f 412 443 442
f 412 413 443
f 413 444 443
f 413 414 444
f 414 445 444
f 414 415 445
f 415 446 445
f 415 416 446
f 416 447 446
f 416 417 447
f 417 448 447
f 417 418 448
f 418 449 448
f 418 419 449
f 419 450 449
f 419 420 450
f 420 451 450
f 420 421 451
f 421 452 451
f 421 422 452
f 422 453 452
f 422 423 453
f 423 454 453
f 423 424 454
f 424 455 454
f 424 425 455
f 425 456 455
f 425 426 456
f 426 457 456
f 426 427 457
f 427 458 457
f 427 428 458
f 428 459 458
f 428 429 459
f 429 460 459
f 429 430 460
f 430 461 460
f 430 431 461
f 431 462 461
f 431 432 462
f 432 463 462
f 432 433 463
f 433 464 463
f 433 434 464
f 434 465 464
f 435 436 466
f 436 467 466
f 436 437 467
f 437 468 467
f 437 438 468
f 438 469 468
f 438 439 469
f 439 470 469
f 439 440 470
f 440 471 470
f 440 441 471
f 441 472 471
f 441 442 472
f 442 473 472
f 442 443 473
f 443 474 473
f 443 444 474
f 444 475 474
f 444 445 475
f 445 476 475
f 445 446 476
f 446 477 476
f 446 447 477
f 447 478 477
f 447 448 478
f 448 479 478
f 448 449 479
f 449 480 479
f 449 450 480
f 450 481 480
f 450 451 481
f 451 482 481
f 451 452 482
f 452 483 482
f 452 453 483
f 453 484 483
f 453 454 484
f 454 485 484
f 454 455 485
f 455 486 485
f 455 456 486
f 456 487 486
f 456 457 487
f 457 488 487
f 457 458 488
f 458 489 488
f 458 459 489
f 459 490 489
f 459 460 490
f 460 491 490
f 460 461 491
f 461 492 491
f 461 462 492
f 462 493 492
f 462 463 493
f 463 494 493
f 463 464 494
f 464 495 494
f 464 465 495
f 465 496 495
f 466 467 497
f 467 498 497
f 467 468 498
f 468 499 498
f 468 469 499
f 469 500 499
f 469 470 500
f 470 501 500
f 470 471 501
f 471 502 501
f 471 472 502
f 472 503 502
f 472 473 503
f 473 504 503
f 473 474 504
f 474 505 504
f 474 475 505
f 475 506 505
f 475 476 506
f 476 507 506
f 476 477 507
f 477 508 507
f 477 478 508
f 478 509 508
f 478 479 509
f 479 510 509
f 479 480 510
f 480 511 510
f 480 481 511
f 481 512 511
f 481 482 512
f 482 513 512
f 482 483 513
f 483 514 513
f 483 484 514
f 484 515 514
f 484 485 515
f 485 516 515
f 485 486 516
f 486 517 516
f 486 487 517
f 487 518 517
f 487 488 518
f 488 519 518
f 488 489 519
f 489 520 519
f 489 490 520
f 490 521 520
f 490 491 521
f 491 522 521
f 491 492 522
f 492 523 522
f 492 493 523
f 493 524 523
f 493 494 524
f 494 525 524
f 494 495 525
f 495 526 525
f 495 496 526
f 496 527 526
f 497 498 528
f 498 529 528
f 498 499 529
f 499 530 529
f 499 500 530
f 500 531 530
f 500 501 531
f 501 532 531
f 501 502 532
f 502 533 532
f 502 503 533
f 503 534 533
f 503 504 534
f 504 535 534
f 504 505 535
f 505 536 535
f 505 506 536
f 506 537 536
f 506 507 537
f 507 538 537
f 507 508 538
f 508 539 538
f 508 509 539
f 509 540 539
f 509 510 540
f 510 541 540
f 510 511 541
f 511 542 541
f 511 512 542
f 512 543 542
f 512 513 543
f 513 544 543
f 513 514 544
f 514 545 544
f 514 515 545
f 515 546 545
f 515 516 546
f 516 547 546
f 516 517 547
f 517 548 547
f 517 518 548
f 518 549 548
f 518 519 549
f 519 550 549
f 519 520 550
f 520 551 550
f 520 521 551
f 521 552 551
f 521 522 552
f 522 553 552
f 522 523 553
f 523 554 553
f 523 524 554
f 524 555 554
f 524 525 555
f 525 556 555
f 525 526 556
f 526 557 556
f 526 527 557
f 527 558 557
f 528 529 559
f 529 560 559
f 529 530 560
f 530 561 560
f 530 531 561
f 531 562 561
f 531 532 562
f 532 563 562
f 532 533 563
f 533 564 563
f 533 534 564
f 534 565 564
f 534 535 565
f 535 566 565
f 535 536 566
f 536 567 566
f 536 537 567
f 537 568 567
f 537 538 568
f 538 569 568
f 538 539 569
f 539 570 569
f 539 540 570
f 540 571 570
f 540 541 571
f 541 572 571
f 541 542 572
f 542 573 572
f 542 543 573
f 543 574 573
f 543 544 574
f 544 575 574
f 544 545 575
f 545 576 575
f 545 546 576
f 546 577 576
f 546 547 577
f 547 578 577
f 547 548 578
f 548 579 578
f 548 549 579
f 549 580 579
f 549 550 580
f 550 581 580
f 550 551 581
f 551 582 581
f 551 552 582
f 552 583 582
f 552 553 583
f 553 584 583
f 553 554 584
f 554 585 584
f 554 555 585
f 555 586 585
f 555 556 586
f 556 587 586
f 556 557 587
f 557 588 587
f 557 558 588
f 558 589 588
f 559 560 590
f 560 591 590
f 560 561 591
f 561 592 591
f 561 562 592
f 562 593 592
f 562 563 593
f 563 594 593
f 563 564 594
f 564 595 594
f 564 565 595
f 565 596 595
f 565 566 596
f 566 597 596
f 566 567 597
f 567 598 597
f 567 568 598
f 568 599 598
f 568 569 599
f 569 600 599
f 569 570 600
f 570 601 600
f 570 571 601
f 571 602 601
f 571 572 602
f 572 603 602
f 572 573 603
f 573 604 603
f 573 574 604
f 574 605 604
f 574 575 605
f 575 606 605
f 575 576 606
f 576 607 606
f 576 577 607
f 577 608 607
f 577 578 608
f 578 609 608
f 578 579 609
f 579 610 609
f 579 580 610
f 580 611 610
f 580 581 611
f 581 612 611
f 581 582 612
f 582 613 612
f 582 583 613
f 583 614 613
f 583 584 614
f 584 615 614
f 584 585 615
f 585 616 615
f 585 586 616
f 586 617 616
f 586 587 617
f 587 618 617
f 587 588 618
f 588 619 618
f 588 589 619
f 589 620 619
f 590 591 621
f 591 622 621
f 591 592 622
f 592 623 622
f 592 593 623
f 593 624 623
f 593 594 624
f 594 625 624
f 594 595 625
f 595 626 625
f 595 596 626
f 596 627 626
f 596 597 627
f 597 628 627
f 597 598 628
f 598 629 628
f 598 599 629
f 599 630 629
f 599 600 630
f 600 631 630
f 600 601 631
f 601 632 631
f 601 602 632
f 602 633 632
f 602 603 633
f 603 634 633
f 603 604 634
f 604 635 634
f 604 605 635
f 605 636 635
f 605 606 636
f 606 637 636
f 606 607 637
f 607 638 637
f 607 608 638
f 608 639 638
f 608 609 639
f 609 640 639
f 609 610 640
f 610 641 640
f 610 611 641
f 611 642 641
f 611 612 642
f 612 643 642
f 612 613 643
f 613 644 643
f 613 614 644
f 614 645 644
f 614 615 645
f 615 646 645
f 615 616 646
f 616 647 646
f 616 617 647
f 617 648 647
f 617 618 648
f 618 649 648
f 618 619 649
f 619 650 649
f 619 620 650
f 620 651 650
